1 3.069e-07 0.30000000000000004 
2 4.185e-07 0.3799999999999999 
3 4.185e-07 0.3799999999999999 
4 3.627e-07 0.36923076923076925 
5 3.627e-07 0.3230769230769231 
6 4.185e-07 0.35999999999999993 
7 3.348e-07 0.35000000000000003 
8 3.627e-07 0.3461538461538462 
9 3.627e-07 0.3230769230769231 
10 3.069e-07 0.30000000000000004 
11 3.348e-07 0.325 
12 2.79e-07 0.3 
13 2.79e-07 0.3 
14 3.069e-07 0.3272727272727273 
15 3.069e-07 0.30000000000000004 
16 3.348e-07 0.325 
17 3.348e-07 0.35000000000000003 
18 2.79e-07 0.3 
19 3.069e-07 0.30000000000000004 
20 2.79e-07 0.3 
21 2.79e-07 0.3 
22 2.79e-07 0.3 
23 2.79e-07 0.3 
24 3.069e-07 0.3272727272727273 
25 2.79e-07 0.3 
26 2.79e-07 0.3 
27 2.79e-08 0.3 
28 2.79e-08 0.3 
30 2.79e-08 0.3 
31 2.79e-08 0.3 
32 2.79e-08 0.3 
33 2.79e-08 0.3 
34 2.79e-08 0.3 
36 5.58e-08 0.3 
37 2.79e-08 0.3 
38 2.79e-08 0.3 
39 2.79e-08 0.3 
41 2.79e-08 0.3 
44 5.58e-08 0.45 
45 2.79e-08 0.3 
49 2.79e-08 0.3 
50 2.79e-08 0.3 
51 2.79e-08 0.3 
52 2.79e-08 0.3 
57 5.58e-08 0.45 
61 1.116e-07 0.525 
65 2.79e-08 0.3 
66 2.79e-08 0.3 
67 2.79e-08 0.3 
68 2.79e-08 0.3 
75 2.79e-08 0.3 
79 2.79e-08 0.3 
80 5.58e-08 0.3 
81 2.79e-08 0.3 
85 2.79e-08 0.3 
86 2.79e-08 0.3 
87 2.79e-08 0.3 
88 2.79e-08 0.3 
89 2.79e-08 0.3 
91 2.79e-08 0.3 
93 3.931345e-08 0.21290423506458986 
95 2.79e-08 0.3 
96 2.79e-08 0.3 
97 2.79e-08 0.3 
99 2.79e-08 0.3 
100 2.79e-08 0.3 
102 2.79e-08 0.3 
105 2.79e-08 0.3 
106 8.37e-08 0.39999999999999997 
108 2.79e-08 0.3 
109 2.79e-08 0.3 
111 2.79e-08 0.3 
113 2.79e-08 0.3 
114 2.79e-08 0.3 
116 2.79e-08 0.3 
118 2.79e-08 0.3 
119 2.79e-08 0.3 
120 5.58e-08 0.45 
121 2.79e-08 0.3 
122 2.79e-08 0.3 
123 2.79e-08 0.3 
125 2.79e-08 0.3 
126 2.79e-08 0.3 
127 2.79e-08 0.3 
128 2.79e-08 0.3 
129 2.79e-08 0.3 
130 2.79e-08 0.3 
131 2.79e-08 0.3 
132 2.79e-08 0.3 
134 2.79e-08 0.3 
135 2.79e-08 0.3 
137 2.79e-08 0.3 
138 2.79e-08 0.3 
139 2.79e-08 0.3 
140 2.79e-08 0.3 
141 2.79e-08 0.3 
142 2.79e-08 0.3 
143 2.79e-08 0.3 
144 2.79e-08 0.3 
147 8.37e-08 0.5 
148 2.79e-08 0.3 
149 2.79e-08 0.3 
150 2.79e-08 0.3 
151 5.58e-08 0.45 
152 2.79e-08 0.3 
153 2.79e-08 0.3 
154 2.79e-08 0.3 
155 2.79e-08 0.3 
156 2.79e-08 0.3 
157 2.79e-08 0.3 
159 2.79e-08 0.3 
160 2.79e-08 0.3 
161 2.79e-08 0.3 
162 2.79e-08 0.3 
163 2.79e-08 0.3 
165 2.79e-08 0.3 
166 2.79e-08 0.3 
167 2.79e-08 0.3 
168 2.79e-08 0.3 
169 2.79e-08 0.3 
170 2.79e-08 0.3 
172 2.79e-08 0.3 
173 2.79e-08 0.3 
174 2.79e-08 0.3 
175 2.79e-08 0.3 
176 2.79e-08 0.3 
177 2.79e-08 0.3 
178 2.79e-08 0.3 
180 2.79e-08 0.3 
181 2.79e-08 0.3 
182 2.79e-08 0.3 
183 2.79e-08 0.3 
185 2.79e-08 0.3 
186 2.79e-08 0.3 
187 2.79e-08 0.3 
189 2.79e-08 0.3 
190 5.58e-08 0.45 
191 2.79e-08 0.3 
192 2.79e-08 0.3 
194 2.79e-08 0.3 
195 2.79e-08 0.3 
196 2.79e-08 0.3 
197 2.79e-08 0.3 
198 2.79e-08 0.3 
199 2.79e-08 0.3 
200 2.79e-08 0.3 
202 2.79e-08 0.3 
203 2.79e-08 0.3 
204 2.79e-08 0.3 
205 2.79e-08 0.3 
206 2.79e-08 0.3 
207 5.58e-08 0.3 
208 2.79e-08 0.3 
209 2.79e-08 0.3 
210 2.79e-08 0.3 
211 2.79e-08 0.3 
212 2.79e-08 0.3 
213 2.79e-08 0.3 
214 2.79e-08 0.3 
215 2.79e-08 0.3 
216 2.79e-08 0.3 
218 2.79e-08 0.3 
219 2.79e-08 0.3 
220 2.79e-08 0.3 
221 2.79e-08 0.3 
222 2.79e-08 0.3 
223 2.79e-08 0.3 
224 2.79e-08 0.3 
225 2.79e-08 0.3 
226 2.79e-08 0.3 
227 2.79e-08 0.3 
228 2.79e-08 0.3 
229 2.79e-08 0.3 
230 2.79e-08 0.3 
231 2.79e-08 0.3 
233 2.79e-08 0.3 
234 2.79e-08 0.3 
235 2.79e-08 0.3 
236 2.79e-08 0.3 
237 2.79e-08 0.3 
238 5.58e-08 0.3 
239 2.79e-08 0.3 
240 2.79e-08 0.3 
241 2.79e-08 0.3 
242 2.79e-08 0.3 
243 2.79e-08 0.3 
245 2.79e-08 0.3 
246 2.79e-08 0.3 
247 2.79e-08 0.3 
248 2.79e-08 0.3 
249 2.79e-08 0.3 
250 2.79e-08 0.3 
251 2.79e-08 0.3 
252 2.79e-08 0.3 
253 2.79e-08 0.3 
254 2.79e-08 0.3 
255 2.79e-08 0.3 
256 2.79e-08 0.3 
257 2.79e-08 0.3 
258 2.79e-08 0.3 
259 2.79e-08 0.3 
260 2.79e-08 0.3 
261 2.79e-08 0.3 
262 2.79e-08 0.3 
265 2.79e-08 0.3 
266 2.79e-08 0.3 
267 2.79e-08 0.3 
268 2.79e-08 0.3 
269 2.79e-08 0.3 
271 2.79e-08 0.3 
272 2.79e-08 0.3 
273 2.79e-08 0.3 
274 2.79e-08 0.3 
275 2.79e-08 0.3 
276 2.79e-08 0.3 
277 2.79e-08 0.3 
278 2.79e-08 0.3 
279 2.79e-08 0.3 
280 2.79e-08 0.3 
281 2.79e-08 0.3 
282 2.79e-08 0.3 
283 2.79e-08 0.3 
284 2.79e-08 0.3 
1 2.79e-07 0.3 
2 2.79e-07 0.3 
3 2.79e-07 0.3 
4 2.79e-07 0.3 
5 2.79e-07 0.3 
6 2.79e-07 0.3 
7 2.79e-07 0.3 
8 2.79e-07 0.3 
9 2.79e-07 0.3 
10 2.79e-07 0.3 
11 2.79e-07 0.3 
12 2.79e-07 0.3 
13 2.79e-07 0.3 
14 2.79e-07 0.3 
15 2.79e-07 0.3 
16 2.79e-07 0.3 
17 2.79e-07 0.3 
18 2.79e-07 0.3 
19 2.79e-07 0.3 
20 2.79e-07 0.3 
21 2.79e-07 0.3 
22 2.79e-07 0.3 
23 2.79e-07 0.3 
24 2.79e-07 0.3 
25 2.79e-07 0.3 
26 2.79e-07 0.3 
27 2.79e-08 0.3 
28 2.79e-08 0.3 
29 2.79e-08 0.3 
30 2.79e-08 0.3 
31 2.79e-08 0.3 
32 2.79e-08 0.3 
33 2.79e-08 0.3 
34 2.79e-08 0.3 
35 2.79e-08 0.3 
36 2.79e-08 0.3 
37 2.79e-08 0.3 
38 2.79e-08 0.3 
39 2.79e-08 0.3 
41 2.79e-08 0.3 
42 2.79e-08 0.3 
44 2.79e-08 0.3 
45 2.79e-08 0.3 
49 2.79e-08 0.3 
50 2.79e-08 0.3 
51 2.79e-08 0.3 
52 2.79e-08 0.3 
55 2.79e-08 0.3 
57 2.79e-08 0.3 
61 2.79e-08 0.3 
65 2.79e-08 0.3 
66 2.79e-08 0.3 
67 2.79e-08 0.3 
68 2.79e-08 0.3 
69 2.79e-08 0.3 
70 2.79e-08 0.3 
72 2.79e-08 0.3 
73 2.79e-08 0.3 
75 2.79e-08 0.3 
78 2.79e-08 0.3 
79 2.79e-08 0.3 
80 2.79e-08 0.3 
81 2.79e-08 0.3 
82 2.79e-08 0.3 
85 2.79e-08 0.3 
86 2.79e-08 0.3 
87 2.79e-08 0.3 
88 2.79e-08 0.3 
89 2.79e-08 0.3 
91 2.79e-08 0.3 
93 2.79e-08 0.3 
94 2.79e-08 0.3 
95 2.79e-08 0.3 
96 2.79e-08 0.3 
97 2.79e-08 0.3 
98 2.79e-08 0.3 
99 2.79e-08 0.3 
100 2.79e-08 0.3 
102 2.79e-08 0.3 
105 2.79e-08 0.3 
106 2.79e-08 0.3 
108 2.79e-08 0.3 
109 2.79e-08 0.3 
110 2.79e-08 0.3 
111 2.79e-08 0.3 
112 2.79e-08 0.3 
113 2.79e-08 0.3 
114 2.79e-08 0.3 
116 2.79e-08 0.3 
117 2.79e-08 0.3 
118 2.79e-08 0.3 
119 2.79e-08 0.3 
120 2.79e-08 0.3 
121 2.79e-08 0.3 
122 2.79e-08 0.3 
123 2.79e-08 0.3 
125 2.79e-08 0.3 
126 2.79e-08 0.3 
127 2.79e-08 0.3 
128 2.79e-08 0.3 
129 2.79e-08 0.3 
130 2.79e-08 0.3 
131 2.79e-08 0.3 
132 2.79e-08 0.3 
134 2.79e-08 0.3 
135 2.79e-08 0.3 
136 2.79e-08 0.3 
137 2.79e-08 0.3 
138 2.79e-08 0.3 
139 2.79e-08 0.3 
140 2.79e-08 0.3 
141 2.79e-08 0.3 
142 2.79e-08 0.3 
143 2.79e-08 0.3 
144 2.79e-08 0.3 
147 2.79e-08 0.3 
148 2.79e-08 0.3 
149 2.79e-08 0.3 
150 2.79e-08 0.3 
151 2.79e-08 0.3 
152 2.79e-08 0.3 
153 2.79e-08 0.3 
154 2.79e-08 0.3 
155 2.79e-08 0.3 
156 2.79e-08 0.3 
157 2.79e-08 0.3 
159 2.79e-08 0.3 
160 2.79e-08 0.3 
161 2.79e-08 0.3 
162 2.79e-08 0.3 
163 2.79e-08 0.3 
164 2.79e-08 0.3 
165 2.79e-08 0.3 
166 2.79e-08 0.3 
167 2.79e-08 0.3 
168 2.79e-08 0.3 
169 2.79e-08 0.3 
170 2.79e-08 0.3 
171 2.79e-08 0.3 
172 2.79e-08 0.3 
173 2.79e-08 0.3 
174 2.79e-08 0.3 
175 2.79e-08 0.3 
176 2.79e-08 0.3 
177 2.79e-08 0.3 
178 2.79e-08 0.3 
180 2.79e-08 0.3 
181 2.79e-08 0.3 
182 2.79e-08 0.3 
183 2.79e-08 0.3 
185 2.79e-08 0.3 
186 2.79e-08 0.3 
187 2.79e-08 0.3 
189 2.79e-08 0.3 
190 2.79e-08 0.3 
191 2.79e-08 0.3 
192 2.79e-08 0.3 
194 2.79e-08 0.3 
195 2.79e-08 0.3 
196 2.79e-08 0.3 
197 2.79e-08 0.3 
198 2.79e-08 0.3 
199 2.79e-08 0.3 
200 2.79e-08 0.3 
201 2.79e-08 0.3 
202 2.79e-08 0.3 
203 2.79e-08 0.3 
204 2.79e-08 0.3 
205 2.79e-08 0.3 
206 2.79e-08 0.3 
207 2.79e-08 0.3 
208 2.79e-08 0.3 
209 2.79e-08 0.3 
210 2.79e-08 0.3 
211 2.79e-08 0.3 
212 2.79e-08 0.3 
213 2.79e-08 0.3 
214 2.79e-08 0.3 
215 2.79e-08 0.3 
216 2.79e-08 0.3 
217 2.79e-08 0.3 
218 2.79e-08 0.3 
219 2.79e-08 0.3 
220 2.79e-08 0.3 
221 2.79e-08 0.3 
222 2.79e-08 0.3 
223 2.79e-08 0.3 
224 2.79e-08 0.3 
225 2.79e-08 0.3 
226 2.79e-08 0.3 
227 2.79e-08 0.3 
228 2.79e-08 0.3 
229 2.79e-08 0.3 
230 2.79e-08 0.3 
231 2.79e-08 0.3 
232 2.79e-08 0.3 
233 2.79e-08 0.3 
234 2.79e-08 0.3 
235 2.79e-08 0.3 
236 2.79e-08 0.3 
237 2.79e-08 0.3 
238 2.79e-08 0.3 
239 2.79e-08 0.3 
240 2.79e-08 0.3 
241 2.79e-08 0.3 
242 2.79e-08 0.3 
243 2.79e-08 0.3 
244 2.79e-08 0.3 
245 2.79e-08 0.3 
246 2.79e-08 0.3 
247 2.79e-08 0.3 
248 2.79e-08 0.3 
249 2.79e-08 0.3 
250 2.79e-08 0.3 
251 2.79e-08 0.3 
252 2.79e-08 0.3 
253 2.79e-08 0.3 
254 2.79e-08 0.3 
255 2.79e-08 0.3 
256 2.79e-08 0.3 
257 2.79e-08 0.3 
258 2.79e-08 0.3 
259 2.79e-08 0.3 
260 2.79e-08 0.3 
261 2.79e-08 0.3 
262 2.79e-08 0.3 
263 2.79e-08 0.3 
264 2.79e-08 0.3 
265 2.79e-08 0.3 
266 2.79e-08 0.3 
267 2.79e-08 0.3 
268 2.79e-08 0.3 
269 2.79e-08 0.3 
271 2.79e-08 0.3 
272 2.79e-08 0.3 
273 2.79e-08 0.3 
274 2.79e-08 0.3 
275 2.79e-08 0.3 
276 2.79e-08 0.3 
277 2.79e-08 0.3 
278 2.79e-08 0.3 
279 2.79e-08 0.3 
280 2.79e-08 0.3 
281 2.79e-08 0.3 
282 2.79e-08 0.3 
283 2.79e-08 0.3 
284 2.79e-08 0.3 
285 2.79e-08 0.3 
286 2.79e-08 0.3 
3687573659 1.648655e-08 0.5076865687484647 
