2 1.416389e-06 0.2898875092688114 
3 2.19836e-06 0.2954800282876938 
9 1.230414e-06 0.3250408293900606 
12 1.376332e-06 0.2585889906984798 
17 3.627e-07 0.30000000000000004 
18 2.082624e-06 0.27452866164311435 
19 3.836e-07 0.29456465067778936 
20 4.113392e-07 0.3352931595140943 
95 1.933281e-08 0.865885507590464 
106 1.4e-08 0.5978571428571429 
124 1.4e-08 0.5978571428571429 
128 2.79e-08 0.3 
137 3.180706e-08 0.26314912475406405 
154 2.79e-08 0.3 
156 2.79e-08 0.3 
164 1.4e-08 0.5978571428571429 
166 2.79e-08 0.3 
170 2.79e-08 0.3 
187 2.79e-08 0.3 
192 2.79e-08 0.3 
197 2.79e-08 0.3 
200 2.79e-08 0.3 
201 2.79e-08 0.3 
210 1.4e-08 0.5978571428571429 
219 2.79e-08 0.3 
223 2.79e-08 0.3 
236 2.79e-08 0.3 
238 2.79e-08 0.3 
241 2.79e-08 0.3 
242 2.79e-08 0.3 
246 2.79e-08 0.3 
260 2.79e-08 0.3 
269 2.79e-08 0.3 
272 2.79e-08 0.3 
275 2.79e-08 0.3 
278 2.79e-08 0.3 
279 2.79e-08 0.3 
3537925318 1.60918e-08 0.13003519339589006 
1634407402 1.60918e-08 0.13003519339589006 
772925454 1.565e-08 0.06685303514376992 
3593732192 2.43e-08 0.17222222222222222 
3122982648 2.787272e-08 0.3002936204288638 
3083352544 1.419311e-08 1.0 
2842015324 1.462194e-08 0.28621389092196436 
3401497744 1.449913e-08 0.4169205126731422 
134948105 1.449913e-08 0.4169205126731422 
1998372786 1.449913e-08 0.4169205126731422 
2455922112 1.449913e-08 0.4169205126731422 
3059103076 1.449913e-08 0.4169205126731422 
432337108 1.449913e-08 0.4169205126731422 
1902671923 1.449913e-08 0.4169205126731422 
77395223 1.449913e-08 0.4169205126731422 
3986570268 1.449913e-08 0.4169205126731422 
174500547 1.449913e-08 0.4169205126731422 
4083845756 1.449913e-08 0.4169205126731422 
110358663 1.449913e-08 0.4169205126731422 
1370908750 1.449913e-08 0.4169205126731422 
2945849429 1.49959e-08 0.06976908105175358 
976558236 1.404656e-08 0.505216759554211 
2438291630 1.404656e-08 0.505216759554211 
906368509 1.822187e-08 0.9999999999999942 
3783228500 1.822187e-08 0.9999999999999942 
2858952728 1.404656e-08 0.505216759554211 
395113485 1.404656e-08 0.505216759554211 
4019363830 2.09e-08 0.20023923444976077 
3016084464 2.09e-08 0.20023923444976077 
