1 6.217687e-07 0.3110423037244651 
2 1.12753e-06 0.29428867212323134 
6 2.402564e-06 0.3021336586182594 
9 1.381419e-06 0.2824143654456139 
12 2.490183e-06 0.27925261830209275 
15 3.025834e-07 0.3042797456833389 
17 6.301773e-07 0.2115425597785179 
19 3.259036e-07 0.30818929278473756 
104 2.79e-08 0.3 
107 2.79e-08 0.3 
108 2.79e-08 0.3 
113 3.534725e-08 0.23679352707777834 
128 2.79e-08 0.3 
134 2.79e-08 0.3 
136 5.58e-08 0.3 
143 2.79e-08 0.3 
150 2.79e-08 0.3 
161 2.79e-08 0.3 
165 1.4e-08 0.5978571428571429 
171 5.230764e-08 0.32002973179443767 
176 2.79e-08 0.3 
178 2.79e-08 0.3 
181 1.4e-08 0.5978571428571429 
185 2.79e-08 0.3 
203 2.79e-08 0.3 
208 2.79e-08 0.3 
211 2.79e-08 0.3 
213 1.4e-08 0.5978571428571429 
221 2.79e-08 0.3 
222 2.79e-08 0.3 
224 2.79e-08 0.3 
225 2.79e-08 0.3 
227 2.79e-08 0.3 
240 2.79e-08 0.3 
243 2.79e-08 0.3 
248 2.79e-08 0.3 
256 2.79e-08 0.3 
260 2.79e-08 0.3 
263 2.79e-08 0.3 
267 2.79e-08 0.3 
268 2.79e-08 0.3 
270 2.79e-08 0.3 
276 2.79e-08 0.3 
280 2.79e-08 0.3 
283 2.79e-08 0.3 
1104410542 1.64081e-08 1.0 
2328232000 1.64081e-08 1.0 
2312786130 2.047712e-08 1.0 
57770090 1.61083e-08 0.2598039519999011 
1452489764 1.651225e-08 0.2534481975503038 
2138100036 1.407282e-08 0.29963176526341684 
1726701215 1.407282e-08 0.29963176526341684 
313359544 1.839819e-08 0.2274680281049386 
217284033 1.4e-08 0.5978571428571429 
2151269300 1.831003e-08 0.15237547355639258 
2962530363 1.831003e-08 0.15237547355639258 
1172086036 1.472747e-08 1.0 
690117576 1.472747e-08 1.0 
3288380490 1.472747e-08 1.0 
3122982648 2.09e-08 0.20023923444976077 
1471982444 2.09e-08 0.20023923444976077 
3303338876 2.09e-08 0.20023923444976077 
1738909006 1.676075e-08 1.0 
821115011 1.430344e-08 0.7037013683082161 
2118016430 1.430344e-08 0.7037013683082161 
1249238030 1.430344e-08 0.7037013683082161 
3214077756 1.430344e-08 0.7037013683082161 
879162223 1.496289e-08 0.33629855306571427 
3149440925 2.09e-08 0.20023923444976077 
1130108289 1.4e-08 0.7189535928224619 
2177968201 1.809924e-08 0.5561200525278668 
1382686479 1.431373e-08 0.5144523773843794 
1803925302 1.431373e-08 0.5144523773843794 
