1 5.822022e-07 0.2802763291267818 
2 1.672765e-06 0.3279004252620455 
3 5.396868e-06 0.28952186153263226 
16 3.348e-07 0.3 
17 4.350477e-07 0.31119769204573994 
18 3.381926e-07 0.3000841855682378 
19 3.627e-07 0.30000000000000004 
23 2.79e-07 0.3 
24 3.069e-07 0.30000000000000004 
137 2.79e-08 0.3 
159 2.79e-08 0.3 
163 5.58e-08 0.3 
171 2.79e-08 0.3 
174 2.79e-08 0.3 
175 2.79e-08 0.3 
186 2.79e-08 0.3 
195 2.79e-08 0.3 
198 2.79e-08 0.3 
210 1.4e-08 0.5978571428571429 
212 1.4e-08 0.5978571428571429 
216 2.79e-08 0.3 
217 8.37e-08 0.3 
222 1.4e-08 0.09605994381427141 
223 2.79e-08 0.3 
227 2.79e-08 0.3 
232 2.79e-08 0.3 
249 2.79e-08 0.3 
254 2.79e-08 0.3 
255 2.79e-08 0.3 
262 2.79e-08 0.3 
265 2.79e-08 0.3 
269 2.79e-08 0.3 
270 2.79e-08 0.3 
271 2.79e-08 0.3 
278 2.79e-08 0.3 
3687573659 1.410526e-08 0.5933956552378334 
937177227 1.435863e-08 0.3886163724959895 
3696843781 1.62501e-08 0.17169121591226802 
375852842 1.526227e-08 0.2742056063744122 
3593732192 1.958649e-08 0.10683384312349989 
821115011 1.4e-08 1.0 
4093093422 1.681084e-08 0.9999999999999996 
2842015324 1.681084e-08 0.9999999999999996 
3149440925 1.578174e-08 0.6694455110779927 
2250775120 1.578174e-08 0.6694455110779927 
1130108289 2.058176e-08 0.4066719464378541 
2177968201 2.09e-08 0.3683052819760814 
2914302410 2.09e-08 0.3683052819760814 
3485819286 2.049479e-08 0.4083962761285786 
3059103076 1.618649e-08 0.12927451512789834 
432337108 1.618649e-08 0.12927451512789834 
1902671923 2.09e-08 0.20023923444976077 
77395223 1.618649e-08 0.12927451512789834 
1246511018 1.4e-08 0.14946433188375544 
2945849429 1.448223e-08 0.3070356705336717 
66296937 1.448223e-08 0.3070356705336717 
