1 6.114295e-07 0.32519851888272866 
3 1.675574e-06 0.30486672287296457 
4 5.477574e-07 0.3219485883895116 
9 3.737537e-06 0.2936481771636284 
10 2.033239e-06 0.24615349800641267 
14 5.197541e-07 0.22545276699115985 
20 3.627e-07 0.30000000000000004 
21 3.627e-07 0.30000000000000004 
119 1.4e-08 0.5978571428571429 
134 2.79e-08 0.3 
136 2.79e-08 0.3 
144 1.4e-08 0.5978571428571429 
150 2.79e-08 0.3 
152 2.79e-08 0.3 
163 1.4e-08 0.5978571428571429 
169 5.58e-08 0.3 
177 2.79e-08 0.3 
196 1.4e-08 0.38898628741079766 
198 2.79e-08 0.3 
208 2.79e-08 0.3 
217 2.79e-08 0.3 
219 2.79e-08 0.3 
223 2.79e-08 0.3 
227 2.79e-08 0.3 
230 1.4e-08 0.5978571428571429 
241 2.79e-08 0.3 
245 2.79e-08 0.3 
246 2.79e-08 0.3 
247 2.79e-08 0.3 
248 2.79e-08 0.3 
253 2.79e-08 0.3 
257 2.79e-08 0.3 
261 2.79e-08 0.3 
263 2.79e-08 0.3 
267 2.79e-08 0.3 
271 2.79e-08 0.3 
276 2.79e-08 0.3 
2029773149 2.09e-08 0.20023923444976077 
3537925318 2.09e-08 0.29519535644195827 
3593732192 2.131905e-08 0.19630330619797787 
2879167783 1.4e-08 0.48633257474298414 
3528332227 1.920335e-08 0.10896533444286172 
4004407106 1.920335e-08 0.10896533444286172 
2441325815 1.481971e-08 1.0 
4069401935 1.74e-08 0.12025862068965515 
3059103076 2.160075e-08 0.06458109093434257 
4209590891 1.542391e-08 0.29083350824570603 
3986570268 1.442278e-08 1.0 
174500547 1.442278e-08 1.0 
2438291630 1.4e-08 0.29723567319029337 
4019363830 1.425114e-08 0.07341510214435314 
3983774618 1.4e-08 0.2972356731902935 
4187488967 1.419733e-08 0.9580141346925096 
630280293 1.419733e-08 0.9580141346925096 
3113062634 1.882283e-08 0.14756011482480483 
1565786989 1.426006e-08 0.07540891211923342 
3707879645 1.778244e-08 0.2353445970700863 
2746930994 1.778244e-08 0.2353445970700863 
4075596975 1.4e-08 0.597857142857143 
4283280385 1.4e-08 0.15717264645450504 
538453177 1.404866e-08 0.4840759892450281 
3121292019 1.404866e-08 0.4840759892450281 
1751902433 1.481216e-08 0.517986631477857 
2878871175 1.481216e-08 0.517986631477857 
220564665 1.481216e-08 0.517986631477857 
3653734512 1.481216e-08 0.517986631477857 
3815024321 1.481216e-08 0.517986631477857 
1428265047 1.481216e-08 0.517986631477857 
3604532305 1.481216e-08 0.517986631477857 
1869365069 1.481216e-08 0.517986631477857 
965372172 1.481216e-08 0.517986631477857 
607396504 1.481216e-08 0.517986631477857 
2533881277 1.416139e-08 0.5092289669305061 
472358284 1.416139e-08 0.5092289669305061 
