4 2.135881e-06 0.29955250341492967 
6 2.605067e-06 0.31334554584780755 
9 1.24222e-06 0.29740270153118986 
12 6.215213e-07 0.30749244451105057 
13 8.265e-07 0.2979026641577048 
16 1.240085e-06 0.2328040335944713 
20 3.836e-07 0.29456465067778936 
24 2.79e-07 0.3 
26 2.79e-07 0.3 
112 5.58e-08 0.3 
116 2.79e-08 0.3 
128 2.79e-08 0.3 
150 1.917209e-08 0.4365721212449973 
155 2.79e-08 0.3 
158 2.79e-08 0.3 
159 2.79e-08 0.3 
160 2.79e-08 0.3 
162 2.79e-08 0.3 
165 2.79e-08 0.3 
167 3.17e-08 0.2640378548895899 
171 2.79e-08 0.3 
173 2.79e-08 0.3 
175 2.79e-08 0.3 
180 2.79e-08 0.3 
186 2.79e-08 0.3 
192 1.4e-08 0.19955659247341467 
193 2.79e-08 0.3 
216 2.79e-08 0.3 
226 2.79e-08 0.3 
235 1.4e-08 0.5978571428571429 
236 2.79e-08 0.3 
256 2.79e-08 0.3 
261 2.79e-08 0.3 
262 2.79e-08 0.3 
264 2.79e-08 0.3 
273 2.79e-08 0.3 
274 1.4e-08 0.5978571428571429 
277 2.79e-08 0.3 
282 2.79e-08 0.3 
3187199216 2.09e-08 0.20023923444976077 
740082705 1.546968e-08 0.06763229750065931 
1104410542 1.661425e-08 0.9999999999999994 
2999719241 1.661425e-08 0.9999999999999994 
1931993247 1.661425e-08 0.9999999999999994 
3696843781 1.533917e-08 0.15119257334790315 
2138100036 1.533917e-08 0.15119257334790315 
1726701215 1.533917e-08 0.15119257334790315 
845665321 2.41e-08 0.3473029045643154 
1471982444 1.4e-08 1.0 
3083352544 1.481396e-08 0.1412519479099268 
2250775120 2.09e-08 0.20023923444976077 
2177968201 1.461958e-08 0.0793171825780607 
