1 5.006185e-07 0.27776882993954033 
3 2.900756e-06 0.31368998586883795 
7 1.990847e-06 0.2700293674095846 
13 2.034413e-06 0.2806920602075963 
16 1.186914e-06 0.29970579282445525 
21 5.789e-07 0.29639834168250134 
23 2.79e-07 0.3 
125 5.58e-08 0.3 
126 1.4e-08 0.5978571428571429 
132 2.79e-08 0.3 
143 2.79e-08 0.3 
155 2.79e-08 0.3 
170 2.176341e-08 0.3845904662918173 
175 1.4e-08 0.5978571428571429 
176 2.557129e-08 0.3273202095005766 
180 2.79e-08 0.3 
181 2.79e-08 0.3 
185 2.79e-08 0.3 
187 2.79e-08 0.3 
202 2.79e-08 0.3 
205 2.965936e-08 0.2822043361690879 
208 2.79e-08 0.3 
216 2.79e-08 0.3 
229 2.79e-08 0.3 
250 2.79e-08 0.3 
253 2.79e-08 0.3 
268 1.4e-08 0.5978571428571429 
276 2.79e-08 0.3 
278 2.79e-08 0.3 
283 2.79e-08 0.3 
284 2.79e-08 0.3 
2211003714 2.024345e-08 0.2915480461228515 
740082705 2.09e-08 0.20023923444976077 
3071577057 1.7425e-08 0.15939741750358682 
845665321 1.523017e-08 0.27478353820082113 
1471982444 1.551948e-08 0.9999999999999932 
2879167783 1.417475e-08 0.9447785675232375 
4198169764 1.417475e-08 0.9447785675232375 
1382686479 1.470974e-08 0.5275239399200765 
1803925302 1.430487e-08 0.2712272114321887 
4209590891 1.652032e-08 0.24727720586142812 
4083845756 2.097302e-08 0.19954207834637072 
110358663 1.718026e-08 0.4052616200220486 
976558236 1.56625e-08 0.0886671987230647 
2438291630 1.4e-08 0.9999999999999996 
395113485 1.888946e-08 0.0 
2892683898 1.719066e-08 1.0 
3983774618 1.4e-08 0.5978571428571426 
4187488967 1.4e-08 0.8967857142857141 
