2 1.401393e-06 0.2922429534065023 
3 2.183861e-06 0.29467374080750564 
7 5.442931e-07 0.3182533638585533 
9 1.198351e-06 0.31403674911626694 
12 1.376332e-06 0.2585889906984798 
17 3.627e-07 0.30000000000000004 
18 1.545776e-06 0.27356551013859715 
19 3.836e-07 0.29456465067778936 
20 4.113392e-07 0.3352931595140943 
95 1.933281e-08 0.865885507590464 
106 2.79e-08 0.3 
117 2.79e-08 0.3 
124 2.79e-08 0.3 
128 2.79e-08 0.3 
137 3.180706e-08 0.26314912475406405 
138 2.494718e-08 0.33550886312601264 
154 2.79e-08 0.3 
156 2.79e-08 0.3 
160 2.79e-08 0.3 
164 2.79e-08 0.3 
166 2.79e-08 0.3 
170 2.79e-08 0.3 
187 2.79e-08 0.3 
191 2.79e-08 0.3 
192 2.79e-08 0.3 
197 2.79e-08 0.3 
200 2.79e-08 0.3 
201 2.79e-08 0.3 
210 2.79e-08 0.3 
219 2.79e-08 0.3 
223 2.79e-08 0.3 
236 2.79e-08 0.3 
238 2.79e-08 0.3 
241 2.79e-08 0.3 
242 2.79e-08 0.3 
246 2.79e-08 0.3 
260 2.79e-08 0.3 
269 2.79e-08 0.3 
272 2.79e-08 0.3 
275 2.79e-08 0.3 
278 2.79e-08 0.3 
279 2.79e-08 0.3 
3537925318 1.60918e-08 0.13003519339589006 
1634407402 1.60918e-08 0.13003519339589006 
3869596591 1.60918e-08 0.13003519339589006 
772925454 1.565e-08 0.06685303514376992 
3593732192 2.43e-08 0.17222222222222222 
3122982648 2.787272e-08 0.3002936204288638 
2875471576 1.756355e-08 0.999999999999996 
3083352544 1.419311e-08 1.0 
4198169764 1.419311e-08 1.0 
821115011 1.419311e-08 1.0 
1945735688 1.4e-08 0.5978571428571426 
2842015324 1.462194e-08 0.28621389092196436 
3401497744 1.449913e-08 0.4169205126731422 
4069401935 1.449913e-08 0.4169205126731422 
134948105 1.449913e-08 0.4169205126731422 
1998372786 1.449913e-08 0.4169205126731422 
2455922112 1.449913e-08 0.4169205126731422 
3059103076 1.449913e-08 0.4169205126731422 
432337108 1.449913e-08 0.4169205126731422 
1902671923 1.449913e-08 0.4169205126731422 
4209590891 1.449913e-08 0.4169205126731422 
77395223 1.449913e-08 0.4169205126731422 
3592986772 1.449913e-08 0.4169205126731422 
1246511018 1.449913e-08 0.4169205126731422 
3986570268 1.449913e-08 0.4169205126731422 
174500547 1.449913e-08 0.4169205126731422 
4083845756 1.449913e-08 0.4169205126731422 
110358663 1.449913e-08 0.4169205126731422 
1370908750 1.449913e-08 0.4169205126731422 
1837234470 1.449913e-08 0.4169205126731422 
