1 5.163179e-07 0.2969834401467045 
3 1.415586e-06 0.3020851210144961 
4 4.733642e-07 0.3177111839715148 
7 8.465416e-07 0.3015622622680327 
9 1.56903e-06 0.28864048634974854 
10 1.082594e-06 0.2682519915159998 
13 8.732978e-07 0.2931073460069737 
14 3.627e-07 0.30000000000000004 
15 3.069e-07 0.30000000000000004 
16 3.627e-07 0.30000000000000004 
18 6.568128e-07 0.2859064256969414 
20 3.627e-07 0.30000000000000004 
21 3.627e-07 0.30000000000000004 
53 2.79e-08 0.3 
98 2.79e-08 0.3 
105 2.166487e-08 0.3863397287867409 
109 6.609732e-08 0.506525831909675 
119 2.79e-08 0.3 
134 2.79e-08 0.3 
136 2.79e-08 0.3 
138 2.79e-08 0.3 
142 2.251417e-08 0.37597677470573165 
144 2.79e-08 0.3 
145 4.324026e-08 0.3871392077660958 
150 2.79e-08 0.3 
152 2.79e-08 0.3 
153 2.79e-08 0.3 
155 2.79e-08 0.3 
162 2.79e-08 0.3 
163 2.79e-08 0.3 
169 5.58e-08 0.3 
173 2.79e-08 0.3 
174 2.79e-08 0.3 
177 2.79e-08 0.3 
186 1.569233e-08 0.533381594702635 
192 2.79e-08 0.3 
193 2.79e-08 0.3 
196 1.4e-08 0.38898628741079766 
198 2.79e-08 0.3 
199 2.79e-08 0.3 
200 3.800477e-08 0.44047102508448277 
203 2.79e-08 0.3 
204 2.79e-08 0.3 
206 5.58e-08 0.3 
208 2.79e-08 0.3 
212 2.79e-08 0.3 
214 1.4e-08 0.31994696384418886 
215 1.4e-08 0.5978571428571429 
217 2.79e-08 0.3 
219 2.79e-08 0.3 
223 2.79e-08 0.3 
225 2.79e-08 0.3 
226 2.79e-08 0.3 
227 2.79e-08 0.3 
230 1.4e-08 0.5978571428571429 
233 1.4e-08 0.5978571428571429 
235 2.79e-08 0.3 
237 5.58e-08 0.3 
241 2.79e-08 0.3 
245 2.79e-08 0.3 
246 2.79e-08 0.3 
247 2.79e-08 0.3 
248 2.79e-08 0.3 
253 2.79e-08 0.3 
256 2.79e-08 0.3 
257 2.79e-08 0.3 
261 2.79e-08 0.3 
263 2.79e-08 0.3 
267 2.79e-08 0.3 
271 2.79e-08 0.3 
276 2.79e-08 0.3 
3687573659 1.769245e-08 0.3464964577031829 
3696193412 2.146299e-08 0.9999999999999988 
817087088 2.508231e-08 0.20022082147115755 
551137729 2.742558e-08 0.18311374682301085 
2029773149 2.09e-08 0.20023923444976077 
1078741991 1.780992e-08 0.11749073479575849 
1026028388 2.78e-08 0.05616345156828148 
1494850122 2.008782e-08 0.6176846420621963 
3537925318 2.09e-08 0.29519535644195827 
3071577057 1.816718e-08 0.15288561195127306 
1452489764 2.78e-08 0.20313294921310848 
1726701215 2.09e-08 0.20023923444976077 
375852842 2.09e-08 0.20023923444976077 
3593732192 2.09e-08 0.20023923444976077 
2962530363 2.022987e-08 0.20687231306973303 
2063946235 1.706756e-08 0.24520193712459873 
1172086036 1.706756e-08 0.24520193712459873 
690117576 1.4e-08 0.4590443770128692 
3122982648 1.805307e-08 0.15454438027149586 
1471982444 1.805307e-08 0.15454438027149586 
2875471576 1.4e-08 0.4378836609350486 
1738909006 1.549128e-08 0.2755606816300599 
2879167783 1.4e-08 0.48633257474298414 
3083352544 1.4e-08 0.2989285714285715 
4198169764 1.529646e-08 0.2720432979044896 
821115011 1.529646e-08 0.2720432979044896 
2118016430 1.529646e-08 0.2720432979044896 
1249238030 1.737395e-08 0.24087782845633193 
879162223 1.84932e-08 0.1508662643566284 
3884425642 1.84932e-08 0.1508662643566284 
1149406307 3.24932e-08 0.34345647704750537 
3528332227 1.920335e-08 0.10896533444286172 
4004407106 1.920335e-08 0.10896533444286172 
451270221 1.441905e-08 0.15260485610099628 
3149440925 1.441905e-08 0.15260485610099628 
1130108289 1.4e-08 0.2972356731902934 
2177968201 1.489001e-08 0.1405304630419993 
3655816389 1.663594e-08 0.5822299244196828 
3485819286 1.663594e-08 0.5822299244196828 
1382686479 2.074186e-08 0.20176584892438557 
1803925302 2.074186e-08 0.20176584892438557 
3293059020 1.4e-08 0.5978571428571428 
378125977 1.481971e-08 1.0 
2159618959 1.481971e-08 1.0 
2441325815 1.481971e-08 1.0 
3401497744 1.720755e-08 0.39495303574661134 
4069401935 1.74e-08 0.12025862068965515 
134948105 1.74e-08 0.12025862068965515 
