1 5.401729e-07 0.2814237653390777 
2 1.578008e-06 0.3180410931981099 
3 2.835383e-06 0.27164787888358954 
13 1.598456e-06 0.3163129169648712 
14 7.789341e-07 0.2972908731362667 
16 3.348e-07 0.3 
17 4.350477e-07 0.31119769204573994 
18 3.381926e-07 0.3000841855682378 
19 3.627e-07 0.30000000000000004 
23 2.79e-07 0.3 
24 3.069e-07 0.30000000000000004 
104 2.79e-08 0.3 
119 5.58e-08 0.3 
121 1.4e-08 0.5978571428571429 
137 2.79e-08 0.3 
138 2.79e-08 0.3 
140 2.79e-08 0.3 
152 1.4e-08 0.5978571428571429 
159 2.79e-08 0.3 
162 2.79e-08 0.3 
163 5.58e-08 0.3 
171 2.79e-08 0.3 
174 2.79e-08 0.3 
175 2.79e-08 0.3 
180 2.79e-08 0.3 
186 2.79e-08 0.3 
187 2.79e-08 0.3 
191 2.79e-08 0.3 
195 2.79e-08 0.3 
198 2.79e-08 0.3 
200 2.79e-08 0.3 
206 1.4e-08 0.5978571428571429 
210 1.4e-08 0.5978571428571429 
211 2.79e-08 0.3 
212 2.79e-08 0.3 
213 2.79e-08 0.3 
216 2.79e-08 0.3 
217 8.37e-08 0.3 
222 1.4e-08 0.09605994381427141 
223 2.79e-08 0.3 
224 2.79e-08 0.3 
227 2.79e-08 0.3 
232 2.79e-08 0.3 
244 2.79e-08 0.3 
246 2.79e-08 0.3 
249 2.79e-08 0.3 
254 2.79e-08 0.3 
255 2.79e-08 0.3 
262 2.79e-08 0.3 
265 2.79e-08 0.3 
269 2.79e-08 0.3 
270 2.79e-08 0.3 
271 2.79e-08 0.3 
273 2.79e-08 0.3 
278 2.79e-08 0.3 
3687573659 1.410526e-08 0.5933956552378334 
1285693762 2.09e-08 0.20023923444976077 
937177227 1.435863e-08 0.3886163724959895 
772925454 1.847297e-08 0.22654722007343703 
2215785330 1.847297e-08 0.22654722007343703 
3696843781 1.62501e-08 0.17169121591226802 
1412415798 1.526227e-08 0.2742056063744122 
375852842 1.526227e-08 0.2742056063744122 
3593732192 1.74e-08 0.12025862068965515 
3888264012 1.74e-08 0.12025862068965515 
3303338876 1.504568e-08 0.034769147562783376 
2875471576 1.504568e-08 0.034769147562783376 
2879167783 1.705676e-08 0.32714341201651526 
3083352544 1.705676e-08 0.32714341201651526 
821115011 1.4e-08 1.0 
1945735688 1.412932e-08 0.19746175609405306 
4093093422 1.681084e-08 0.9999999999999996 
2842015324 1.681084e-08 0.9999999999999996 
1249238030 1.681084e-08 0.9999999999999996 
3149440925 1.578174e-08 0.6694455110779927 
2250775120 1.578174e-08 0.6694455110779927 
1130108289 2.058176e-08 0.4066719464378541 
2177968201 2.09e-08 0.3683052819760814 
2914302410 2.09e-08 0.3683052819760814 
3655816389 1.4e-08 0.8967857142857143 
3485819286 2.049479e-08 0.4083962761285786 
