1 4.103555e-07 0.30255473763342944 
2 1.146869e-06 0.28978413402053765 
4 9.347e-07 0.30446132448914087 
5 4.464e-07 0.30000002240143375 
7 4.905142e-07 0.31215380266073195 
9 1.8135e-06 0.3 
12 3.629019e-07 0.276769011129454 
13 6.471826e-07 0.2757530873048813 
14 2.79e-07 0.3 
15 3.348e-07 0.3 
17 3.348e-07 0.3 
18 3.348e-07 0.3 
19 3.348e-07 0.3 
20 3.069e-07 0.30000000000000004 
21 3.627e-07 0.30000000000000004 
24 2.79e-07 0.3 
25 2.79e-07 0.3 
27 2.79e-08 0.3 
37 2.79e-08 0.3 
56 2.79e-08 0.3 
57 2.79e-08 0.3 
60 8.486008e-08 0.2958988490230035 
61 2.79e-08 0.3 
74 2.79e-08 0.3 
76 2.79e-08 0.3 
81 2.79e-08 0.3 
94 7.868649e-08 0.31911450110431916 
96 2.79e-08 0.3 
97 2.79e-08 0.3 
102 2.79e-08 0.3 
104 1.4e-08 0.5978571428571429 
107 2.79e-08 0.3 
113 2.79e-08 0.3 
114 2.79e-08 0.3 
115 2.79e-08 0.3 
116 2.569646e-08 0.32572580036316284 
121 2.79e-08 0.3 
125 1.4e-08 0.5978571428571429 
127 2.79e-08 0.3 
130 2.79e-08 0.3 
132 2.79e-08 0.3 
133 2.79e-08 0.3 
136 2.79e-08 0.3 
138 2.79e-08 0.3 
139 2.79e-08 0.3 
142 2.79e-08 0.3 
143 2.79e-08 0.3 
146 2.79e-08 0.3 
147 2.79e-08 0.3 
148 2.79e-08 0.3 
149 2.79e-08 0.3 
150 2.79e-08 0.3 
153 2.79e-08 0.3 
154 2.79e-08 0.3 
155 8.291268e-08 0.3028487319430514 
156 2.79e-08 0.3 
157 2.79e-08 0.3 
158 2.79e-08 0.3 
161 2.79e-08 0.3 
162 2.79e-08 0.3 
163 2.79e-08 0.3 
164 2.79e-08 0.3 
165 2.830918e-08 0.2956638094074078 
166 2.79e-08 0.3 
167 3.836942e-08 0.2181424686638474 
169 2.79e-08 0.3 
171 2.79e-08 0.3 
172 2.79e-08 0.3 
173 2.79e-08 0.3 
174 2.79e-08 0.3 
176 2.79e-08 0.3 
178 2.79e-08 0.3 
179 2.79e-08 0.3 
181 2.79e-08 0.3 
182 2.79e-08 0.3 
183 2.79e-08 0.3 
185 2.79e-08 0.3 
186 2.79e-08 0.3 
188 2.79e-08 0.3 
190 2.79e-08 0.3 
192 2.79e-08 0.3 
196 2.79e-08 0.3 
198 2.79e-08 0.3 
200 2.79e-08 0.3 
201 2.79e-08 0.3 
202 2.79e-08 0.3 
203 2.79e-08 0.3 
205 2.79e-08 0.3 
207 2.79e-08 0.3 
208 2.79e-08 0.3 
212 2.79e-08 0.3 
215 2.79e-08 0.3 
216 2.79e-08 0.3 
220 2.79e-08 0.3 
221 2.79e-08 0.3 
222 2.79e-08 0.3 
223 2.79e-08 0.3 
225 2.79e-08 0.3 
228 2.79e-08 0.3 
229 2.79e-08 0.3 
230 2.79e-08 0.3 
232 2.61501e-08 0.3200752578384021 
233 2.79e-08 0.3 
234 2.79e-08 0.3 
237 2.79e-08 0.3 
243 2.79e-08 0.3 
252 2.79e-08 0.3 
256 2.79e-08 0.3 
257 2.79e-08 0.3 
260 2.79e-08 0.3 
264 2.79e-08 0.3 
268 2.79e-08 0.3 
275 2.79e-08 0.3 
277 2.79e-08 0.3 
280 2.79e-08 0.3 
282 2.79e-08 0.3 
848448836 1.482495e-08 0.28229437536045654 
2916276788 1.448053e-08 0.28900875865731435 
3696193412 1.448053e-08 0.28900875865731435 
310481256 1.4e-08 0.5978571428571429 
551137729 1.434366e-08 0.2917665365743472 
1218250404 1.434366e-08 0.2917665365743472 
1035956119 1.447706e-08 0.2890780310366883 
2029773149 1.520338e-08 0.27526778178072603 
302486611 1.520338e-08 0.27526778178072603 
1842102965 1.520338e-08 0.27526778178072603 
1078741991 2.241739e-08 1.0 
2173231515 1.447173e-08 0.2891844997108156 
740082705 1.447173e-08 0.2891844997108156 
2795063678 1.604138e-08 0.5217736056139315 
3642829293 1.556432e-08 0.5377664222801387 
2707128518 1.650819e-08 0.08450348365365815 
474866315 1.650819e-08 0.08450348365365815 
1639799867 1.4e-08 0.2989285714285714 
1128056158 2.036947e-08 0.20545453563592966 
2909632847 2.036947e-08 0.20545453563592966 
937177227 2.579459e-08 0.43264888641125 
3393811039 2.749082e-08 0.30446527240729815 
