1 3.543237e-07 0.3070920742812293 
2 6.815013e-07 0.2988365539434774 
3 1.004935e-06 0.3142045405921775 
7 7.378945e-07 0.2589184497241815 
8 8.928e-07 0.30000000000000004 
9 9.302361e-07 0.28618121786501294 
10 4.185e-07 0.3 
11 4.08025e-07 0.29399546596409537 
12 3.069e-07 0.30000000000000004 
14 4.883e-07 0.3200696293262338 
15 3.069e-07 0.30000000000000004 
16 4.185e-07 0.3 
17 2.79e-07 0.3 
18 3.348e-07 0.3 
20 3.069e-07 0.30000000000000004 
21 2.79e-07 0.3 
22 5.58e-07 0.3 
24 2.79e-07 0.3 
27 2.79e-08 0.3 
35 2.79e-08 0.3 
37 8.192152e-08 0.4171980695670685 
43 2.79e-08 0.3 
77 2.79e-08 0.3 
79 2.79e-08 0.3 
83 1.4e-08 0.9999999999999998 
85 2.79e-08 0.3 
86 2.79e-08 0.3 
87 2.79e-08 0.3 
88 2.79e-08 0.3 
90 2.79e-08 0.3 
94 2.79e-08 0.3 
100 5.314204e-08 0.3150048436228643 
102 2.79e-08 0.3 
106 2.79e-08 0.3 
107 2.79e-08 0.3 
108 2.79e-08 0.3 
117 2.79e-08 0.3 
122 2.79e-08 0.3 
123 2.79e-08 0.3 
125 2.79e-08 0.3 
126 2.79e-08 0.3 
127 5.58e-08 0.3 
131 2.79e-08 0.3 
132 5.58e-08 0.3 
135 2.79e-08 0.3 
136 2.79e-08 0.3 
137 2.79e-08 0.3 
139 2.79e-08 0.3 
140 2.79e-08 0.3 
141 2.79e-08 0.3 
146 2.79e-08 0.3 
148 2.79e-08 0.3 
149 2.79e-08 0.3 
150 2.381424e-08 0.3514703807469816 
151 2.79e-08 0.3 
152 2.79e-08 0.3 
156 2.79e-08 0.3 
157 2.79e-08 0.3 
158 2.79e-08 0.3 
164 2.79e-08 0.3 
165 2.79e-08 0.3 
166 2.79e-08 0.3 
167 2.79e-08 0.3 
169 2.79e-08 0.3 
170 1.4e-08 0.5978571428571429 
171 2.79e-08 0.3 
172 2.79e-08 0.3 
174 2.79e-08 0.3 
175 2.79e-08 0.3 
178 5.58e-08 0.3 
179 2.79e-08 0.3 
182 2.79e-08 0.3 
183 2.79e-08 0.3 
184 2.79e-08 0.3 
185 2.79e-08 0.3 
186 2.79e-08 0.3 
187 2.79e-08 0.3 
188 2.79e-08 0.3 
192 2.79e-08 0.3 
193 2.79e-08 0.3 
194 2.79e-08 0.3 
195 5.58e-08 0.3 
196 2.79e-08 0.3 
197 2.79e-08 0.3 
198 2.79e-08 0.3 
199 2.79e-08 0.3 
200 2.79e-08 0.3 
201 2.79e-08 0.3 
204 2.79e-08 0.3 
205 2.258953e-08 0.7410512746391801 
206 2.79e-08 0.3 
207 2.79e-08 0.3 
210 2.79e-08 0.3 
211 2.79e-08 0.3 
212 2.79e-08 0.3 
213 2.79e-08 0.3 
215 2.79e-08 0.3 
216 5.58e-08 0.3 
222 2.79e-08 0.3 
223 2.79e-08 0.3 
225 2.79e-08 0.3 
229 2.79e-08 0.3 
230 2.79e-08 0.3 
231 2.79e-08 0.3 
232 2.79e-08 0.3 
234 2.79e-08 0.3 
235 2.79e-08 0.3 
236 2.547862e-08 0.3285107278180686 
238 2.79e-08 0.3 
239 2.79e-08 0.3 
240 2.79e-08 0.3 
241 2.79e-08 0.3 
242 2.79e-08 0.3 
243 2.79e-08 0.3 
244 2.79e-08 0.3 
245 3.676016e-08 0.22769215367941817 
246 5.58e-08 0.3 
247 2.79e-08 0.3 
249 2.79e-08 0.3 
250 2.79e-08 0.3 
251 2.79e-08 0.3 
253 2.79e-08 0.3 
254 2.79e-08 0.3 
260 2.79e-08 0.3 
261 2.79e-08 0.3 
266 2.79e-08 0.3 
269 2.79e-08 0.3 
270 2.79e-08 0.3 
271 2.79e-08 0.3 
272 2.79e-08 0.3 
274 2.79e-08 0.3 
277 2.79e-08 0.3 
278 2.79e-08 0.3 
281 2.79e-08 0.3 
282 2.79e-08 0.3 
3196256300 1.516069e-08 0.27604284501562926 
1239307652 1.7425e-08 0.15939741750358682 
3321237907 2.09e-08 0.20023923444976077 
1218250404 1.836389e-08 1.0 
1035956119 1.443517e-08 0.9999999999999981 
188552836 1.443517e-08 0.9999999999999981 
2029773149 1.74e-08 0.12025862068965515 
1285693762 1.527762e-08 0.1369650732517685 
1078741991 1.527762e-08 0.1369650732517685 
2723643411 1.527762e-08 0.1369650732517685 
2001290253 1.7425e-08 0.15939741750358682 
3179285865 1.7425e-08 0.15939741750358682 
2173231515 1.458881e-08 0.07171593647503408 
740082705 1.458881e-08 0.07171593647503408 
2795063678 1.665796e-08 0.5024624864028967 
3642829293 1.56625e-08 0.0886671987230647 
2707128518 1.56625e-08 0.0886671987230647 
474866315 1.56625e-08 0.0886671987230647 
1639799867 1.56625e-08 0.0886671987230647 
1026028388 2.151076e-08 0.12912142574227975 
2909632847 1.658924e-08 0.04204532576537558 
937177227 1.658924e-08 0.04204532576537558 
