1 4.67793e-07 0.2877581551264101 
3 1.892464e-06 0.3185618734460277 
6 8.122992e-07 0.3081163822060771 
7 1.795905e-06 0.2751079420612083 
13 1.985613e-06 0.28126758652522754 
16 1.186914e-06 0.29970579282445525 
17 3.80125e-07 0.29355475172640577 
21 5.58e-07 0.3 
23 2.79e-07 0.3 
65 2.79e-08 0.3 
95 2.728449e-08 0.3067676910948308 
111 2.79e-08 0.3 
116 4.49183e-08 0.2795074886974603 
121 1.4e-08 0.0285432658466664 
125 5.58e-08 0.3 
126 2.79e-08 0.3 
132 2.79e-08 0.3 
143 2.79e-08 0.3 
153 1.4e-08 0.5978571428571429 
155 2.79e-08 0.3 
162 1.4e-08 1.0 
170 2.176341e-08 0.3845904662918173 
175 1.4e-08 0.5978571428571429 
176 2.557129e-08 0.3273202095005766 
180 2.79e-08 0.3 
181 2.79e-08 0.3 
185 2.79e-08 0.3 
186 1.4e-08 0.5978571428571429 
187 2.79e-08 0.3 
190 1.4e-08 0.9999999999999998 
194 2.79e-08 0.3 
202 2.79e-08 0.3 
204 2.79e-08 0.3 
205 2.965936e-08 0.2822043361690879 
208 2.79e-08 0.3 
216 2.79e-08 0.3 
218 2.79e-08 0.3 
229 2.79e-08 0.3 
230 2.79e-08 0.3 
237 2.79e-08 0.3 
250 2.79e-08 0.3 
253 2.79e-08 0.3 
268 1.4e-08 0.5978571428571429 
276 2.79e-08 0.3 
278 2.79e-08 0.3 
283 2.79e-08 0.3 
284 2.79e-08 0.3 
2211003714 2.024345e-08 0.2915480461228515 
1945448119 1.417279e-08 1.0 
551137729 1.956163e-08 0.16045442020935885 
1211996162 1.441205e-08 0.10889325252132766 
302486611 1.79591e-08 0.1546569705608856 
740082705 2.09e-08 0.20023923444976077 
3642829293 1.4e-08 0.4973214285714285 
3414514926 2.09e-08 0.20023923444976077 
2215785330 1.7425e-08 0.15939741750358682 
3071577057 1.7425e-08 0.15939741750358682 
4260098875 2.09e-08 0.20023923444976077 
3696843781 1.511436e-08 0.27688908987515515 
1726701215 2.09e-08 0.20023923444976077 
1412415798 2.09e-08 0.20023923444976077 
3888264012 2.09e-08 0.39091852340063804 
3288380490 1.4e-08 0.8967857142857142 
845665321 1.523017e-08 0.27478353820082113 
1471982444 1.551948e-08 0.9999999999999932 
1738909006 1.417475e-08 0.9447785675232375 
2879167783 1.417475e-08 0.9447785675232375 
4198169764 1.417475e-08 0.9447785675232375 
451270221 1.677396e-08 0.0 
1382686479 1.470974e-08 0.5275239399200765 
1803925302 1.430487e-08 0.2712272114321887 
378125977 1.528474e-08 0.10827583860629535 
2159618959 1.545949e-08 0.10705191706706928 
2441325815 1.528474e-08 0.10827583860629535 
3401497744 1.528474e-08 0.10827583860629535 
4069401935 1.754081e-08 0.15905743740795258 
432337108 1.600207e-08 0.0 
1902671923 1.600207e-08 0.0 
4209590891 1.652032e-08 0.24727720586142812 
77395223 1.652032e-08 0.24727720586142812 
3592986772 1.403738e-08 0.4770122619079426 
1246511018 1.403738e-08 0.4770122619079426 
