1 5.377018e-07 0.29887202582586436 
2 8.711606e-07 0.3000858866405047 
4 2.08569e-06 0.2946471257870707 
8 2.385162e-06 0.3151684115605304 
13 4.185e-07 0.3 
14 2.174025e-06 0.2744031922355998 
19 7.412197e-07 0.30112529476261596 
23 2.79e-07 0.3 
85 2.79e-08 0.3 
117 2.79e-08 0.3 
133 2.774601e-08 0.30166499615620407 
147 2.79e-08 0.3 
148 2.79e-08 0.3 
151 2.79e-08 0.3 
159 2.79e-08 0.3 
162 2.79e-08 0.3 
167 2.79e-08 0.3 
182 2.79e-08 0.3 
184 1.4e-08 0.5978571428571429 
188 2.79e-08 0.3 
201 2.79e-08 0.3 
204 1.4e-08 0.5978571428571429 
211 2.79e-08 0.3 
212 1.4e-08 0.5978571428571429 
220 5.58e-08 0.3 
222 4.102569e-08 0.20401850645290792 
230 2.79e-08 0.3 
235 1.4e-08 0.5978571428571429 
242 2.79e-08 0.3 
249 2.79e-08 0.3 
260 2.79e-08 0.3 
266 2.79e-08 0.3 
277 2.79e-08 0.3 
281 2.79e-08 0.3 
3687573659 1.477431e-08 0.5665239188835216 
1945448119 1.473626e-08 0.2839933605948864 
1035956119 1.438832e-08 0.19390732527200888 
1211996162 1.438832e-08 0.19390732527200888 
937177227 1.602088e-08 0.13061080290221266 
1931993247 2.370583e-08 0.3530777028266887 
3537925318 1.533139e-08 0.18197958567357556 
772925454 1.565e-08 0.06685303514376992 
2215785330 1.565e-08 0.06685303514376992 
1412415798 2.09e-08 0.20023923444976077 
3593732192 1.4e-08 0.19928571428571415 
3888264012 1.41145e-08 0.9999999999999962 
217284033 1.41145e-08 0.9999999999999962 
2151269300 1.41145e-08 0.9999999999999962 
