1 5.524275e-07 0.29849775894558755 
2 1.11353e-06 0.2898943136726184 
6 1.754823e-06 0.29603970196965296 
7 5.431157e-07 0.2928105374232414 
8 5.728843e-07 0.3068158788781608 
9 5.253345e-07 0.32576790597229 
11 3.348e-07 0.3 
12 1.864782e-06 0.2723875498583749 
15 3.025834e-07 0.3042797456833389 
17 4.08e-07 0.29233455882352943 
18 6.135544e-07 0.3000168725093184 
19 3.069e-07 0.30000000000000004 
22 2.738755e-07 0.3056133169998777 
104 2.79e-08 0.3 
107 2.79e-08 0.3 
108 2.79e-08 0.3 
113 3.534725e-08 0.23679352707777834 
128 2.79e-08 0.3 
130 2.79e-08 0.3 
134 2.79e-08 0.3 
135 2.79e-08 0.3 
136 5.58e-08 0.3 
142 4.10301e-08 0.21967510133380724 
143 2.79e-08 0.3 
146 2.79e-08 0.3 
147 2.79e-08 0.3 
150 2.79e-08 0.3 
155 2.79e-08 0.3 
161 2.79e-08 0.3 
165 2.79e-08 0.3 
166 2.79e-08 0.3 
168 2.79e-08 0.3 
171 5.58e-08 0.3 
173 2.79e-08 0.3 
175 2.79e-08 0.3 
176 2.79e-08 0.3 
177 2.79e-08 0.3 
178 2.79e-08 0.3 
179 2.79e-08 0.3 
181 2.79e-08 0.3 
183 1.900362e-08 0.4404423999216991 
185 2.79e-08 0.3 
189 2.79e-08 0.3 
198 2.79e-08 0.3 
202 2.79e-08 0.3 
203 2.79e-08 0.3 
206 1.4e-08 0.5978571428571429 
208 2.79e-08 0.3 
211 2.79e-08 0.3 
213 2.79e-08 0.3 
217 2.79e-08 0.3 
219 2.79e-08 0.3 
221 2.79e-08 0.3 
222 2.79e-08 0.3 
224 2.79e-08 0.3 
225 2.79e-08 0.3 
227 2.79e-08 0.3 
228 2.79e-08 0.3 
232 5.58e-08 0.3 
237 2.79e-08 0.3 
240 2.79e-08 0.3 
243 2.79e-08 0.3 
248 2.79e-08 0.3 
256 2.79e-08 0.3 
260 2.79e-08 0.3 
263 2.79e-08 0.3 
267 2.79e-08 0.3 
268 2.79e-08 0.3 
270 2.79e-08 0.3 
272 2.555868e-08 0.327481700932912 
276 2.79e-08 0.3 
280 2.79e-08 0.3 
283 2.79e-08 0.3 
551137729 1.948008e-08 0.9999999999999987 
1104410542 1.64081e-08 1.0 
2328232000 1.64081e-08 1.0 
2312786130 2.047712e-08 1.0 
2215785330 5.640417e-08 0.4460662750533918 
3491092596 1.61083e-08 0.2598039519999011 
57770090 1.61083e-08 0.2598039519999011 
1452489764 1.651225e-08 0.2534481975503038 
3696843781 1.74e-08 0.12025862068965515 
2138100036 1.407282e-08 0.29963176526341684 
1726701215 1.407282e-08 0.29963176526341684 
3593732192 1.607804e-08 0.17275137112654457 
3888264012 1.839819e-08 0.2274680281049386 
313359544 1.839819e-08 0.2274680281049386 
217284033 1.4e-08 0.5978571428571429 
