1 3.906e-07 0.3 
2 5.528656e-07 0.2952164241406921 
3 6.278e-07 0.3066422427524688 
5 8.702269e-07 0.3029727074628468 
6 6.905e-07 0.2969804489500361 
8 7.928753e-07 0.2856758181267596 
11 1.192615e-06 0.30880040918485846 
13 3.348e-07 0.3 
14 1.232173e-06 0.3056794784498606 
17 3.069e-07 0.30000000000000004 
18 3.627e-07 0.30000000000000004 
19 6.696e-07 0.3 
21 2.79e-07 0.3 
24 2.79e-07 0.3 
34 1.4e-08 0.5978571428571429 
35 4.19e-08 0.29964200477326974 
57 2.79e-08 0.3 
59 1.4e-08 0.5978571428571429 
63 3.162663e-08 0.2646503911418953 
66 2.79e-08 0.3 
76 2.79e-08 0.3 
90 2.79e-08 0.3 
94 2.79e-08 0.3 
99 8.37e-08 0.3 
104 2.79e-08 0.3 
113 2.79e-08 0.3 
114 2.79e-08 0.3 
115 3.088083e-08 0.2710419376681261 
119 2.79e-08 0.3 
120 2.79e-08 0.3 
121 2.79e-08 0.3 
123 2.79e-08 0.3 
124 2.79e-08 0.3 
126 2.79e-08 0.3 
127 2.79e-08 0.3 
130 2.79e-08 0.3 
132 5.58e-08 0.3 
133 2.79e-08 0.3 
138 3.715312e-08 0.22528390616992597 
139 2.79e-08 0.3 
142 2.79e-08 0.3 
144 5.58e-08 0.3 
146 2.79e-08 0.3 
149 2.79e-08 0.3 
151 2.79e-08 0.3 
153 2.79e-08 0.3 
154 2.79e-08 0.3 
155 2.79e-08 0.3 
156 2.79e-08 0.3 
157 2.79e-08 0.3 
159 2.79e-08 0.3 
161 2.79e-08 0.3 
164 2.79e-08 0.3 
166 2.79e-08 0.3 
169 2.79e-08 0.3 
170 2.79e-08 0.3 
171 2.79e-08 0.3 
173 2.79e-08 0.3 
174 2.79e-08 0.3 
175 2.79e-08 0.3 
176 2.79e-08 0.3 
177 2.79e-08 0.3 
180 2.79e-08 0.3 
182 2.79e-08 0.3 
183 2.79e-08 0.3 
184 2.79e-08 0.3 
185 2.79e-08 0.3 
186 2.79e-08 0.3 
187 2.79e-08 0.3 
188 2.79e-08 0.3 
189 2.79e-08 0.3 
190 2.79e-08 0.3 
192 2.79e-08 0.3 
193 2.79e-08 0.3 
194 2.79e-08 0.3 
195 2.79e-08 0.3 
197 2.79e-08 0.3 
198 2.79e-08 0.3 
199 5.58e-08 0.3 
200 2.79e-08 0.3 
202 2.79e-08 0.3 
203 2.79e-08 0.3 
204 2.79e-08 0.3 
205 2.79e-08 0.3 
206 2.79e-08 0.3 
207 2.79e-08 0.3 
209 1.4e-08 0.5978571428571429 
210 2.79e-08 0.3 
213 2.79e-08 0.3 
214 2.79e-08 0.3 
215 2.79e-08 0.3 
216 2.79e-08 0.3 
217 2.79e-08 0.3 
218 2.79e-08 0.3 
219 2.79e-08 0.3 
220 2.79e-08 0.3 
223 2.79e-08 0.3 
225 2.79e-08 0.3 
226 2.79e-08 0.3 
227 2.79e-08 0.3 
228 2.79e-08 0.3 
229 2.79e-08 0.3 
230 2.79e-08 0.3 
231 2.79e-08 0.3 
232 2.79e-08 0.3 
233 2.79e-08 0.3 
234 2.79e-08 0.3 
236 2.79e-08 0.3 
237 2.79e-08 0.3 
238 2.79e-08 0.3 
240 2.79e-08 0.3 
242 2.79e-08 0.3 
243 2.79e-08 0.3 
245 2.79e-08 0.3 
248 2.79e-08 0.3 
251 2.79e-08 0.3 
252 2.79e-08 0.3 
253 2.79e-08 0.3 
255 2.79e-08 0.3 
258 2.79e-08 0.3 
262 2.79e-08 0.3 
266 2.79e-08 0.3 
267 2.79e-08 0.3 
268 2.79e-08 0.3 
271 2.79e-08 0.3 
272 2.79e-08 0.3 
276 2.79e-08 0.3 
284 2.79e-08 0.3 
848448836 5.58e-08 0.3 
3696193412 1.864688e-08 0.4488686579202527 
3396227953 2.09e-08 0.20023923444976077 
3321237907 1.62247e-08 0.9999999999999968 
310481256 2.332727e-08 0.0 
817087088 1.749252e-08 0.0 
551137729 1.749252e-08 0.0 
1035956119 2.09e-08 0.20023923444976077 
188552836 2.09e-08 0.20023923444976077 
302486611 1.74e-08 0.12025862068965515 
1842102965 1.74e-08 0.12025862068965515 
