2.406298e+02	1	1.168038e-04	16	3.069000e-07	1.233575e-04	181	5.550000e-05	
9.334302e+02	1	1.382736e-04	5	3.069000e-07	1.233575e-04	71	5.550000e-05	
1.519264e+03	1	1.092465e-04	9	3.069000e-07	1.233575e-04	112	5.550000e-05	
2.023540e+03	1	9.306139e-05	6	3.069000e-07	1.233575e-04	84	5.550000e-05	
2.364503e+03	1	1.567532e-04	11	3.069000e-07	1.233575e-04	130	5.550000e-05	
2.756867e+03	1	1.572098e-04	9	3.348000e-07	1.269877e-04	113	5.550000e-05	
3.159033e+03	1	1.265273e-04	16	3.348000e-07	1.269877e-04	177	5.550000e-05	
3.911189e+03	1	5.041347e-05	3	3.069000e-07	1.233575e-04	49	5.550000e-05	
4.207930e+03	0	8.800178e-05	92	2.790000e-08	5.550000e-05	89	5.550000e-05	
5.214766e+03	1	1.344238e-04	8	3.069000e-07	1.233575e-04	105	5.550000e-05	
5.814536e+03	1	9.361135e-05	12	3.069000e-07	1.233575e-04	138	5.550000e-05	
5.977361e+03	1	1.239138e-04	18	3.069000e-07	1.233575e-04	203	5.550000e-05	
6.666141e+03	1	4.809638e-05	100	5.580000e-08	6.992562e-05	99	5.550000e-05	
7.101460e+03	1	1.368656e-04	5	3.348000e-07	1.269877e-04	72	5.550000e-05	
7.545874e+03	0	1.740379e-04	4	2.790000e-07	1.195000e-04	61	5.550000e-05	
8.225350e+03	1	9.351328e-05	205	5.580000e-08	6.992562e-05	202	5.550000e-05	
1.058725e+04	1	5.757671e-05	54	5.580000e-08	6.992562e-05	47	5.550000e-05	
1.096003e+04	1	5.703762e-05	73	5.580000e-08	6.992562e-05	70	5.550000e-05	
1.121320e+04	0	1.036231e-04	74	2.790000e-08	5.550000e-05	65	5.550000e-05	
1.155659e+04	0	1.607001e-04	1	2.790000e-07	1.195000e-04	29	5.550000e-05	
1.187795e+04	1	1.072301e-04	11	3.348000e-07	1.269877e-04	129	5.550000e-05	
1.207445e+04	1	6.486481e-05	1	3.069000e-07	1.233575e-04	29	5.550000e-05	
1.232167e+04	1	1.653725e-04	2	3.069000e-07	1.233575e-04	42	5.550000e-05	
1.407300e+04	1	6.493571e-05	216	5.580000e-08	6.992562e-05	209	5.550000e-05	
1.443780e+04	1	7.007766e-05	73	8.370000e-08	8.004485e-05	75	5.550000e-05	
1.561371e+04	1	3.560802e-05	14	3.069000e-07	1.233575e-04	154	5.550000e-05	
1.687738e+04	1	1.168169e-04	5	3.627000e-07	1.304214e-04	76	5.550000e-05	
1.830690e+04	1	1.070071e-04	4	3.069000e-07	1.233575e-04	65	5.550000e-05	
1.937708e+04	1	1.633721e-04	2	3.348000e-07	1.269877e-04	41	5.550000e-05	
1.958158e+04	1	9.119838e-05	5	3.906000e-07	1.336833e-04	61	5.550000e-05	
2.003557e+04	0	1.453245e-04	6	3.069000e-07	1.233575e-04	91	5.550000e-05	
2.157828e+04	1	7.241902e-05	37	5.580000e-08	6.992562e-05	36	5.550000e-05	
2.244115e+04	1	1.220270e-04	11	3.627000e-07	1.304214e-04	142	5.550000e-05	
2.340197e+04	1	8.927996e-05	190	5.580000e-08	6.992562e-05	176	5.550000e-05	
2.351505e+04	1	1.222260e-04	2	3.627000e-07	1.304214e-04	44	5.550000e-05	
2.375530e+04	1	1.150681e-04	9	3.627000e-07	1.304214e-04	121	5.550000e-05	
2.567059e+04	1	6.032179e-05	14	3.348000e-07	1.269877e-04	153	5.550000e-05	
2.730614e+04	0	1.711062e-04	9	3.627000e-07	1.304214e-04	119	5.550000e-05	
2.862066e+04	0	9.530178e-05	241	2.790000e-08	5.550000e-05	211	5.550000e-05	
3.017717e+04	0	9.041202e-05	91	2.790000e-08	5.550000e-05	77	5.550000e-05	
3.289561e+04	1	3.555170e-05	63	5.580000e-08	6.992562e-05	50	5.550000e-05	
3.575167e+04	1	1.227826e-04	9	3.906000e-07	1.336833e-04	118	5.550000e-05	
3.613463e+04	1	1.822868e-04	2	3.906000e-07	1.336833e-04	39	5.550000e-05	
3.828715e+04	1	4.792966e-05	4	3.348000e-07	1.269877e-04	89	5.550000e-05	
3.900047e+04	0	1.036275e-04	35	2.790000e-08	5.550000e-05	34	5.550000e-05	
4.113001e+04	0	8.704136e-05	179	2.790000e-08	5.550000e-05	174	5.550000e-05	
4.290514e+04	1	4.680013e-05	2	4.464000e-07	1.397680e-04	54	6.992562e-05	
4.840326e+04	0	9.727755e-05	216	5.580000e-08	6.992562e-05	208	5.550000e-05	
4.924142e+04	1	1.651217e-04	11	3.906000e-07	1.336833e-04	124	5.550000e-05	
5.107457e+04	2	3.458407e-05	60	3.331044e-08	5.887782e-05	55	5.550000e-05	3687573659	2.248956e-08	
5.236444e+04	0	1.034420e-04	96	2.790000e-08	5.550000e-05	79	5.550000e-05	
5.286454e+04	0	1.397755e-04	5	3.906000e-07	1.336833e-04	74	5.550000e-05	
5.420013e+04	0	7.735417e-05	82	2.790000e-08	5.550000e-05	79	5.550000e-05	
5.517922e+04	1	1.680380e-04	14	3.627000e-07	1.304214e-04	160	5.550000e-05	
5.579985e+04	1	1.018254e-04	8	3.348000e-07	1.269877e-04	101	5.550000e-05	
5.905151e+04	1	3.213315e-05	37	8.370000e-08	8.004485e-05	48	5.550000e-05	
6.251186e+04	0	1.653886e-04	10	2.790000e-07	1.195000e-04	117	5.550000e-05	
6.693480e+04	1	8.034161e-05	7	3.627000e-07	1.304214e-04	73	8.004485e-05	
7.053042e+04	0	1.219360e-04	37	8.370000e-08	8.004485e-05	38	5.550000e-05	
7.224553e+04	0	1.454662e-04	11	3.906000e-07	1.336833e-04	106	5.550000e-05	
7.271959e+04	1	3.981980e-05	3	3.348000e-07	1.269877e-04	59	5.550000e-05	
7.444160e+04	1	2.211102e-05	16	3.906000e-07	1.336833e-04	190	6.992562e-05	
7.695826e+04	0	8.476937e-05	114	2.790000e-08	5.550000e-05	104	5.550000e-05	
7.720164e+04	1	8.308754e-05	3	3.681104e-07	1.310668e-04	60	5.887782e-05	
7.816513e+04	1	4.254248e-05	63	8.370000e-08	8.004485e-05	69	5.550000e-05	
8.631247e+04	1	4.089869e-05	127	5.580000e-08	6.992562e-05	116	5.550000e-05	
8.980118e+04	0	1.392121e-04	8	3.348000e-07	1.269877e-04	87	5.550000e-05	
9.029029e+04	0	7.012078e-05	250	2.790000e-08	5.550000e-05	241	5.550000e-05	
9.245676e+04	3	5.823866e-05	236	2.547862e-08	5.384560e-05	189	5.550000e-05	3196256300	1.516069e-08	848448836	1.516069e-08	
9.393534e+04	1	5.022234e-05	3	3.960104e-07	1.342977e-04	67	5.550000e-05	
9.428969e+04	0	8.547381e-05	186	2.790000e-08	5.550000e-05	184	5.550000e-05	
9.516637e+04	0	1.491710e-04	2	4.464000e-07	1.397680e-04	45	5.550000e-05	
1.015414e+05	1	4.530075e-05	63	1.116000e-07	8.810076e-05	58	5.550000e-05	
1.041869e+05	2	9.219226e-06	64	4.036658e-08	6.277194e-05	53	5.550000e-05	2211003714	1.543342e-08	
1.059810e+05	1	7.639128e-05	3	4.185000e-07	1.367934e-04	3687573659	5.165178e-05	
1.094807e+05	0	9.068400e-05	63	1.116000e-07	8.810076e-05	2211003714	4.555950e-05	
1.096553e+05	1	7.758084e-05	2	4.743000e-07	1.426212e-04	45	5.550000e-05	
1.171909e+05	0	8.823978e-05	216	5.580000e-08	6.992562e-05	253	5.550000e-05	
1.186308e+05	0	1.525566e-04	4	3.348000e-07	1.269877e-04	2211003714	4.555950e-05	
1.222072e+05	1	1.115232e-04	2	5.022000e-07	1.453646e-04	40	5.550000e-05	
1.230443e+05	0	9.979516e-05	246	2.790000e-08	5.550000e-05	242	5.550000e-05	
1.238837e+05	1	7.574750e-05	8	3.627000e-07	1.304214e-04	95	5.550000e-05	
1.242259e+05	1	9.804899e-05	4	3.502334e-07	1.289097e-04	2211003714	4.555950e-05	
1.321547e+05	1	3.187319e-05	132	5.580000e-08	6.992562e-05	103	5.550000e-05	
1.341118e+05	1	1.148197e-04	6	3.348000e-07	1.269877e-04	92	5.550000e-05	
1.345056e+05	0	9.688015e-05	37	8.370000e-08	8.004485e-05	34	5.550000e-05	
1.358344e+05	0	1.540694e-04	14	3.627000e-07	1.304214e-04	143	5.550000e-05	
1.388287e+05	0	1.009254e-04	43	2.790000e-08	5.550000e-05	34	5.550000e-05	
1.389622e+05	0	9.129808e-05	195	2.790000e-08	5.550000e-05	182	5.550000e-05	
1.429488e+05	0	1.490088e-04	5	3.906000e-07	1.336833e-04	78	5.550000e-05	
1.470509e+05	1	4.379959e-04	1769235826	9.542379e-04	4.779047e-04	265	5.550000e-05	
1.517584e+05	0	1.075888e-04	37	8.370000e-08	8.004485e-05	32	5.550000e-05	
1.613222e+05	1	5.274836e-05	20	3.069000e-07	1.233575e-04	219	5.550000e-05	
1.622060e+05	1	4.556518e-04	1769235826	9.542658e-04	4.779093e-04	256	5.550000e-05	
1.641293e+05	0	1.070421e-04	37	8.370000e-08	8.004485e-05	33	5.550000e-05	
1.675565e+05	1	4.439018e-05	18	3.348000e-07	1.269877e-04	220	5.550000e-05	
1.682739e+05	0	1.541138e-04	10	2.790000e-07	1.195000e-04	97	5.550000e-05	
1.685944e+05	0	1.382256e-04	3	4.185000e-07	1.367934e-04	64	6.277194e-05	
1.693474e+05	0	6.422265e-05	269	2.790000e-08	5.550000e-05	211	5.550000e-05	
1.705209e+05	1	6.328840e-05	10	3.069000e-07	1.233575e-04	111	5.550000e-05	
1.713810e+05	1	1.103789e-04	2	5.301000e-07	1.480082e-04	34	5.550000e-05	
1.920553e+05	1	6.808159e-05	7	3.906000e-07	1.336833e-04	74	5.550000e-05	
1.957149e+05	0	8.268448e-05	254	2.790000e-08	5.550000e-05	232	5.550000e-05	
2.019780e+05	0	1.389701e-04	5	3.906000e-07	1.336833e-04	56	5.550000e-05	
2.043984e+05	0	1.402308e-04	16	3.906000e-07	1.336833e-04	169	5.550000e-05	
2.081965e+05	1	9.404712e-05	3	4.464000e-07	1.397680e-04	62	5.550000e-05	
2.139900e+05	0	9.717165e-05	132	5.580000e-08	6.992562e-05	122	5.550000e-05	
2.152358e+05	1	1.250445e-04	9	4.185000e-07	1.367934e-04	110	5.550000e-05	
2.170036e+05	1	1.224314e-04	8	3.906000e-07	1.336833e-04	98	5.550000e-05	
2.181863e+05	1	9.216828e-05	2	5.580000e-07	1.505606e-04	38	5.550000e-05	
2.222284e+05	0	8.863109e-05	119	2.790000e-08	5.550000e-05	104	5.550000e-05	
2.238073e+05	0	5.660348e-05	172	2.790000e-08	5.550000e-05	163	5.550000e-05	
2.248890e+05	3	7.910578e-05	33	1.952370e-08	4.927337e-05	31	5.550000e-05	2916276788	1.813815e-08	3696193412	1.813815e-08	
2.312162e+05	0	8.267718e-05	30	2.790000e-08	5.550000e-05	2916276788	4.807905e-05	
2.336104e+05	0	6.036506e-05	30	2.790000e-08	5.550000e-05	28	5.550000e-05	
2.464884e+05	0	8.968390e-05	94	2.790000e-08	5.550000e-05	68	5.550000e-05	
2.518315e+05	1	7.494496e-05	10	3.348000e-07	1.269877e-04	115	5.550000e-05	
2.782412e+05	0	1.839197e-04	11	3.906000e-07	1.336833e-04	159	5.550000e-05	
2.805007e+05	1	4.864786e-05	2	5.859000e-07	1.530292e-04	57	5.550000e-05	
2.897477e+05	0	2.040646e-04	2	5.859000e-07	1.530292e-04	46	5.550000e-05	
2.965125e+05	1	2.919884e-05	233	5.580000e-08	6.992562e-05	221	5.550000e-05	
3.044325e+05	1	7.792455e-05	6	3.627000e-07	1.304214e-04	96	5.550000e-05	
3.082840e+05	1	1.012438e-04	3	4.743000e-07	1.426212e-04	68	5.550000e-05	
3.148596e+05	1	6.787883e-05	13	3.069000e-07	1.233575e-04	143	5.550000e-05	
3.192070e+05	0	1.605390e-04	10	3.348000e-07	1.269877e-04	100	6.992562e-05	
3.223407e+05	1	2.157228e-05	83	5.580000e-08	6.992562e-05	81	5.550000e-05	
3.263810e+05	0	1.600360e-04	5	3.906000e-07	1.336833e-04	83	6.992562e-05	
3.379698e+05	0	7.814752e-05	175	2.790000e-08	5.550000e-05	155	5.550000e-05	
3.389799e+05	1	2.883455e-05	173	5.580000e-08	6.992562e-05	147	5.550000e-05	
3.476361e+05	0	1.638785e-04	9	4.185000e-07	1.367934e-04	144	5.550000e-05	
3.504085e+05	0	1.350442e-04	11	3.906000e-07	1.336833e-04	127	6.992562e-05	
3.631797e+05	0	7.946147e-05	159	2.790000e-08	5.550000e-05	104	5.550000e-05	
3.666809e+05	1	1.093726e-04	9	4.464000e-07	1.397680e-04	56	5.550000e-05	
3.681739e+05	0	1.055145e-04	165	2.790000e-08	5.550000e-05	117	5.550000e-05	
3.696380e+05	0	1.143036e-04	37	8.370000e-08	8.004485e-05	35	5.550000e-05	
3.739321e+05	0	2.084963e-04	7	3.906000e-07	1.336833e-04	6	1.304214e-04	
3.820810e+05	0	1.635269e-04	3	4.743000e-07	1.426212e-04	35	5.550000e-05	
3.921915e+05	1	7.459642e-05	6	3.906000e-07	1.336833e-04	66	5.550000e-05	
4.226465e+05	0	7.065020e-05	205	5.580000e-08	6.992562e-05	169	5.550000e-05	
4.268337e+05	1	5.517582e-05	178	5.580000e-08	6.992562e-05	168	5.550000e-05	
4.555288e+05	0	1.524682e-04	9	4.464000e-07	1.397680e-04	87	5.550000e-05	
4.756624e+05	1	5.991854e-05	1	3.348000e-07	1.269877e-04	28	5.550000e-05	
4.866064e+05	0	9.730208e-05	64	4.036658e-08	6.277194e-05	2916276788	4.807905e-05	
4.903737e+05	1	1.039215e-04	10	3.627000e-07	1.304214e-04	133	5.550000e-05	
4.982005e+05	1	3.567210e-05	13	3.348000e-07	1.269877e-04	162	5.550000e-05	
4.985984e+05	0	1.771814e-04	2	5.859000e-07	1.530292e-04	2916276788	4.807905e-05	
5.002514e+05	3	8.309521e-05	233	1.400000e-08	4.410295e-05	161	5.550000e-05	15308464	1.742500e-08	1239307652	1.742500e-08	1945448119	1.742500e-08	3396227953	1.742500e-08	
5.026478e+05	1	7.583982e-05	10	3.906000e-07	1.336833e-04	120	5.550000e-05	
5.344932e+05	0	1.634514e-04	6	3.906000e-07	1.336833e-04	91	5.550000e-05	
5.402272e+05	1	5.557342e-05	9	4.743000e-07	1.426212e-04	114	5.550000e-05	
5.490272e+05	0	1.094953e-04	30	2.790000e-08	5.550000e-05	27	5.550000e-05	
5.600212e+05	1	8.965271e-05	15	3.069000e-07	1.233575e-04	155	5.550000e-05	
5.608298e+05	0	8.981900e-05	171	2.790000e-08	5.550000e-05	146	5.550000e-05	
5.668511e+05	0	1.611059e-04	23	2.790000e-07	1.195000e-04	174	5.550000e-05	
5.677283e+05	1	1.413905e-04	9	5.022000e-07	1.453646e-04	144	5.550000e-05	
5.684641e+05	0	1.301068e-04	1	3.348000e-07	1.269877e-04	30	5.550000e-05	
5.685469e+05	1	4.632473e-05	195	5.580000e-08	6.992562e-05	191	5.550000e-05	
5.754587e+05	1	2.287264e-04	8	7.812000e-07	1.684304e-04	6	1.336833e-04	
5.918074e+05	4	1.973448e-05	46	1.400000e-08	4.410295e-05	30	5.550000e-05	3321237907	2.090000e-08	3187199216	2.090000e-08	
5.962214e+05	0	1.705852e-04	7	3.906000e-07	1.336833e-04	77	5.550000e-05	
6.115998e+05	1	5.086879e-05	8	8.091000e-07	1.704122e-04	93	5.550000e-05	
6.139170e+05	0	8.998818e-05	136	2.790000e-08	5.550000e-05	102	5.550000e-05	
6.144646e+05	0	7.690773e-05	3321237907	2.090000e-08	5.040501e-05	46	4.410295e-05	
6.252898e+05	0	7.674152e-05	151	2.790000e-08	5.550000e-05	104	5.550000e-05	
6.288776e+05	3	4.215989e-05	37	7.466325e-08	7.705377e-05	46	4.410295e-05	3330100144	2.303675e-08	
6.340762e+05	1	8.704878e-05	1	3.543237e-07	1.294096e-04	33	4.927337e-05	
6.343667e+05	1	1.077530e-04	16	4.185000e-07	1.367934e-04	228	5.550000e-05	
6.431486e+05	0	1.870792e-04	10	3.906000e-07	1.336833e-04	100	6.992562e-05	
6.621864e+05	1	1.678712e-05	37	9.770000e-08	8.427972e-05	3330100144	5.206733e-05	
6.659137e+05	0	8.962562e-05	37	9.770000e-08	8.427972e-05	3696193412	4.807905e-05	
6.754792e+05	2	1.133314e-04	3	5.558445e-07	1.503664e-04	63	8.810076e-05	310481256	1.502777e-08	817087088	1.502777e-08	
6.856257e+05	0	1.179183e-04	100	5.580000e-08	6.992562e-05	151	5.550000e-05	
6.931661e+05	0	6.984558e-05	141	2.790000e-08	5.550000e-05	91	5.550000e-05	
6.976430e+05	1	6.472718e-05	3	5.708722e-07	1.517095e-04	817087088	4.512993e-05	
7.078323e+05	1	3.551308e-05	11	4.080250e-07	1.356424e-04	1945448119	4.744049e-05	
7.079922e+05	2	3.477086e-05	245	3.676016e-08	6.084394e-05	226	5.550000e-05	551137729	1.903984e-08	
7.150559e+05	0	9.958598e-05	149	2.790000e-08	5.550000e-05	109	5.550000e-05	
7.315389e+05	0	1.865063e-04	2	5.859000e-07	1.530292e-04	52	5.550000e-05	
7.315593e+05	0	2.084326e-04	2	5.859000e-07	1.530292e-04	52	5.550000e-05	
7.378554e+05	0	2.412245e-04	9	5.022000e-07	1.453646e-04	10	1.336833e-04	
7.409146e+05	0	1.143797e-04	127	5.580000e-08	6.992562e-05	146	5.550000e-05	
7.423955e+05	2	8.602233e-05	9	8.186361e-07	1.710790e-04	13	1.269877e-04	1218250404	1.836389e-08	
7.527494e+05	0	1.937153e-04	2	5.859000e-07	1.530292e-04	52	5.550000e-05	
7.564697e+05	1	5.355666e-05	3	5.859000e-07	1.530292e-04	310481256	4.512993e-05	
7.634742e+05	0	5.704948e-05	79	2.790000e-08	5.550000e-05	78	5.550000e-05	
7.640112e+05	1	6.188364e-05	9	8.465361e-07	1.730009e-04	109	5.550000e-05	
7.644298e+05	0	1.470948e-04	21	2.790000e-07	1.195000e-04	180	5.550000e-05	
7.830515e+05	0	1.647906e-04	7	3.906000e-07	1.336833e-04	78	5.550000e-05	
7.859924e+05	1	1.669107e-04	9	8.744361e-07	1.748810e-04	128	5.550000e-05	
7.887438e+05	1	1.149819e-04	14	3.767000e-07	1.320784e-04	233	4.410295e-05	
7.935749e+05	1	1.154205e-04	3	6.262666e-07	1.564659e-04	64	6.277194e-05	
8.022454e+05	2	9.055467e-05	7	7.378945e-07	1.652588e-04	5	1.336833e-04	1035956119	1.443517e-08	1211996162	1.443517e-08	188552836	1.443517e-08	
8.080489e+05	0	1.277681e-04	12	3.069000e-07	1.233575e-04	106	5.550000e-05	
8.106070e+05	0	1.895977e-04	7	7.378945e-07	1.652588e-04	86	5.550000e-05	
8.266254e+05	1	1.400961e-04	14	4.325000e-07	1.383020e-04	173	6.992562e-05	
8.306840e+05	1	1.235093e-04	2	6.138000e-07	1.554207e-04	52	5.550000e-05	
8.321953e+05	0	1.601297e-04	16	4.185000e-07	1.367934e-04	169	5.550000e-05	
8.368269e+05	1	1.305727e-04	2	6.319382e-07	1.569368e-04	3696193412	4.807905e-05	
8.756282e+05	3	5.509146e-05	32	1.400000e-08	4.410295e-05	3187199216	5.040501e-05	2029773149	1.740000e-08	302486611	1.740000e-08	
8.852162e+05	0	7.852286e-05	171	2.790000e-08	5.550000e-05	167	5.550000e-05	
8.884212e+05	0	1.844628e-04	9	8.744361e-07	1.748810e-04	108	5.550000e-05	
9.224944e+05	0	9.216815e-05	78	2.790000e-08	5.550000e-05	35	5.550000e-05	
9.441459e+05	1	2.543818e-04	1953854062	2.860190e-04	4.029089e-04	551137729	4.886292e-05	
9.842257e+05	1	9.328491e-05	9	9.023361e-07	1.767215e-04	134	5.550000e-05	
9.850005e+05	0	1.015943e-04	151	2.790000e-08	5.550000e-05	136	5.550000e-05	
9.906868e+05	1	1.631392e-04	8	8.370000e-07	1.723488e-04	91	5.550000e-05	
9.953023e+05	1	9.546711e-05	8	8.649000e-07	1.742429e-04	80	5.550000e-05	
1.002841e+06	0	1.971637e-04	2	6.319382e-07	1.569368e-04	51	5.550000e-05	
1.007534e+06	0	1.467293e-04	1	3.543237e-07	1.294096e-04	32	4.410295e-05	
1.009201e+06	0	1.000048e-04	170	2.790000e-08	5.550000e-05	86	5.550000e-05	
1.012827e+06	0	1.414532e-04	1	3.543237e-07	1.294096e-04	32	4.410295e-05	
1.014197e+06	1	4.916267e-05	9	9.302361e-07	1.785244e-04	159	5.550000e-05	
1.016683e+06	3	1.013828e-04	205	2.258953e-08	5.172820e-05	78	5.550000e-05	1842102965	1.527762e-08	1285693762	1.527762e-08	1078741991	1.527762e-08	2723643411	1.527762e-08	
1.030159e+06	1	1.476049e-04	3	6.402666e-07	1.576232e-04	32	4.410295e-05	
1.037339e+06	0	1.682877e-04	2	6.319382e-07	1.569368e-04	2723643411	4.540567e-05	
1.039334e+06	1	1.057322e-04	4	3.646686e-07	1.306570e-04	1211996162	4.452874e-05	
1.082467e+06	0	1.618922e-04	3	6.402666e-07	1.576232e-04	119	5.550000e-05	
1.084136e+06	0	9.521657e-05	107	2.790000e-08	5.550000e-05	87	5.550000e-05	
1.094772e+06	2	1.383005e-04	3	9.791507e-07	1.816002e-04	4	1.306570e-04	1804212609	2.578443e-08	
1.098167e+06	1	1.574206e-04	3	1.004935e-06	1.831805e-04	1804212609	5.402802e-05	
1.098174e+06	3	8.329466e-05	83	1.400000e-08	4.410295e-05	119	5.550000e-05	438292632	1.742500e-08	2001290253	1.742500e-08	3147695692	1.742500e-08	3179285865	1.742500e-08	
1.106819e+06	0	2.150546e-04	9	9.302361e-07	1.785244e-04	102	5.550000e-05	
1.107942e+06	4	2.472375e-05	145	1.400000e-08	4.410295e-05	1842102965	4.540567e-05	2173231515	1.458881e-08	740082705	1.458881e-08	
1.111944e+06	0	7.600292e-05	2916276788	1.813815e-08	4.807905e-05	83	4.410295e-05	
1.114958e+06	1	1.275543e-04	2	6.500763e-07	1.584241e-04	2916276788	4.807905e-05	
1.116672e+06	3	3.849039e-05	100	5.314204e-08	6.879724e-05	145	4.410295e-05	2795063678	1.665796e-08	
1.127684e+06	0	7.517328e-05	3147695692	1.742500e-08	4.744049e-05	2001290253	4.744049e-05	
1.130206e+06	1	3.011225e-05	14	4.604000e-07	1.412142e-04	208	5.550000e-05	
1.131921e+06	0	9.597251e-05	100	5.314204e-08	6.879724e-05	2795063678	4.673391e-05	
1.144383e+06	4	4.048201e-05	170	1.400000e-08	4.410295e-05	3396227953	4.744049e-05	3642829293	1.566250e-08	2707128518	1.566250e-08	
1.148226e+06	0	1.789539e-04	8	8.649000e-07	1.742429e-04	141	5.550000e-05	
1.154796e+06	0	6.804471e-05	167	2.790000e-08	5.550000e-05	125	5.550000e-05	
1.178601e+06	0	9.776470e-05	149	2.790000e-08	5.550000e-05	108	5.550000e-05	
1.184438e+06	0	1.416515e-04	22	2.790000e-07	1.195000e-04	244	5.550000e-05	
1.189494e+06	3	6.002632e-05	51	1.400000e-08	4.410295e-05	438292632	4.744049e-05	474866315	1.566250e-08	1639799867	1.566250e-08	
1.204406e+06	0	8.047647e-05	302486611	1.740000e-08	4.741779e-05	2029773149	4.741779e-05	
1.221622e+06	0	1.929249e-04	3	1.004935e-06	1.831805e-04	2723643411	4.540567e-05	
1.228265e+06	0	9.707592e-05	87	2.790000e-08	5.550000e-05	1078741991	4.540567e-05	
1.232207e+06	0	1.903368e-04	3	1.004935e-06	1.831805e-04	2723643411	4.540567e-05	
1.238777e+06	0	1.226805e-04	37	9.770000e-08	8.427972e-05	3321237907	5.040501e-05	
1.244176e+06	1	1.311833e-04	10	4.185000e-07	1.367934e-04	97	5.550000e-05	
1.244806e+06	0	8.104963e-05	3179285865	1.742500e-08	4.744049e-05	3147695692	4.744049e-05	
1.254306e+06	0	9.915670e-05	117	2.790000e-08	5.550000e-05	205	5.172820e-05	
1.261104e+06	1	7.250506e-05	8	8.928000e-07	1.760967e-04	82	5.550000e-05	
1.265024e+06	3	5.850227e-05	150	2.381424e-08	5.089130e-05	15308464	4.744049e-05	1026028388	2.151076e-08	
1.273892e+06	0	1.455337e-04	17	2.790000e-07	1.195000e-04	157	5.550000e-05	
1.284086e+06	0	1.845481e-04	9	9.302361e-07	1.785244e-04	102	5.550000e-05	
1.289104e+06	1	1.146592e-04	22	5.580000e-07	1.505606e-04	19	1.195000e-04	
1.294542e+06	1	9.251345e-05	2	6.675013e-07	1.598271e-04	3147695692	4.744049e-05	
1.297163e+06	0	1.709758e-04	16	4.185000e-07	1.367934e-04	136	5.550000e-05	
1.297859e+06	0	1.981538e-04	2	6.675013e-07	1.598271e-04	51	4.410295e-05	
1.297894e+06	0	1.103045e-04	195	5.580000e-08	6.992562e-05	172	5.550000e-05	
1.310765e+06	1	8.421810e-05	14	4.883000e-07	1.440109e-04	163	5.550000e-05	
1.321742e+06	3	7.476611e-05	37	6.533228e-08	7.370000e-05	302486611	4.741779e-05	1128056158	1.658924e-08	2909632847	1.658924e-08	937177227	1.658924e-08	
1.321907e+06	1	7.878069e-05	37	8.192152e-08	7.947385e-05	1128056158	4.666957e-05	
1.334914e+06	0	1.440303e-04	15	3.069000e-07	1.233575e-04	152	5.550000e-05	
1.345488e+06	0	7.244738e-05	195	5.580000e-08	6.992562e-05	131	5.550000e-05	
1.355133e+06	1	4.204822e-05	246	5.580000e-08	6.992562e-05	104	5.550000e-05	
1.359354e+06	0	9.507018e-05	249	2.790000e-08	5.550000e-05	87	5.550000e-05	
1.362810e+06	1	5.359015e-05	2	6.815013e-07	1.609368e-04	51	4.410295e-05	
1.390487e+06	0	2.379388e-04	16	4.185000e-07	1.367934e-04	18	1.269877e-04	
1.426279e+06	1	1.425937e-04	14	5.441000e-07	1.492999e-04	195	6.992562e-05	
1.429223e+06	0	9.831888e-05	166	2.790000e-08	5.550000e-05	165	5.550000e-05	
1.453660e+06	3	5.365771e-05	1639799867	1.694012e-08	4.410295e-05	2723643411	4.540567e-05	3393811039	1.400000e-08	
1.472247e+06	0	8.627819e-05	37	8.192152e-08	7.947385e-05	3321237907	5.040501e-05	
1.472860e+06	0	1.806421e-04	1	3.543237e-07	1.294096e-04	27	5.550000e-05	
1.481263e+06	3	8.378880e-05	16	4.182025e-07	1.367609e-04	77	5.550000e-05	611212867	1.409877e-08	1104410542	1.409877e-08	
1.487113e+06	1	7.345788e-05	10	4.341625e-07	1.384790e-04	2707128518	4.578381e-05	
1.514626e+06	0	1.800830e-04	15	3.069000e-07	1.233575e-04	21	1.195000e-04	
1.566646e+06	2	8.447018e-05	10	4.470628e-07	1.398372e-04	146	5.550000e-05	2328232000	1.499966e-08	
1.571582e+06	4	3.883504e-05	27	1.400000e-08	4.410295e-05	3321237907	5.040501e-05	2999719241	1.740000e-08	1931993247	1.740000e-08	
1.572255e+06	1	1.101866e-04	11	4.638250e-07	1.415635e-04	127	6.992562e-05	
1.575579e+06	0	8.623171e-05	100	5.314204e-08	6.879724e-05	86	5.550000e-05	
1.579138e+06	0	1.342947e-04	24	2.790000e-07	1.195000e-04	125	5.550000e-05	
1.580951e+06	1	4.092613e-05	1931993247	3.480000e-08	5.974267e-05	2999719241	4.741779e-05	
1.581017e+06	1	3.720841e-05	1931993247	4.880000e-08	6.687003e-05	27	4.410295e-05	
1.619115e+06	1	1.276094e-04	9	9.452358e-07	1.794788e-04	2328232000	4.510177e-05	
1.635832e+06	0	1.790671e-04	2	6.815013e-07	1.609368e-04	2029773149	4.741779e-05	
1.655165e+06	3	7.412324e-05	246	2.615757e-08	5.431970e-05	2173231515	4.471276e-05	1494850122	1.474374e-08	3414514926	1.474374e-08	2312786130	1.474374e-08	
1.701061e+06	0	2.613628e-04	9	9.452358e-07	1.794788e-04	10	1.398372e-04	
1.723515e+06	1	5.071190e-03	0	1.000000e+00	1.000000e-02	270	5.550000e-05	
1.729713e+06	0	1.448193e-04	15	3.069000e-07	1.233575e-04	187	5.550000e-05	
1.731507e+06	1	2.493010e-04	9	1.392299e-06	2.042101e-04	10	1.398372e-04	
1.760561e+06	1	1.412291e-04	8	9.486000e-07	1.796915e-04	132	6.992562e-05	
1.766576e+06	1	1.030761e-04	2	6.989013e-07	1.622950e-04	2029773149	4.741779e-05	
1.840420e+06	0	1.962388e-04	7	7.378945e-07	1.652588e-04	136	5.550000e-05	
1.861601e+06	0	1.256787e-04	37	8.192152e-08	7.947385e-05	94	5.550000e-05	
1.873868e+06	2	2.034261e-04	8	1.577416e-06	2.128867e-04	7	1.652588e-04	3537925318	1.400000e-08	1634407402	1.584645e-08	3869596591	1.584645e-08	3375523036	1.584645e-08	772925454	1.584645e-08	2215785330	1.584645e-08	3491092596	1.584645e-08	
1.879086e+06	1	1.137215e-04	8	1.591416e-06	2.135147e-04	3537925318	4.407671e-05	
1.884464e+06	0	9.638663e-05	1931993247	4.880000e-08	6.687003e-05	2909632847	4.666957e-05	
1.887942e+06	0	1.115179e-04	216	5.580000e-08	6.992562e-05	194	5.550000e-05	
1.892956e+06	0	2.142030e-04	3	1.004935e-06	1.831805e-04	94	5.550000e-05	
1.902301e+06	1	1.915219e-04	8	1.607262e-06	2.142210e-04	3869596591	4.593501e-05	
1.916238e+06	1	1.567016e-04	2	7.129013e-07	1.633715e-04	3393811039	4.410295e-05	
1.936091e+06	0	1.060661e-04	100	5.314204e-08	6.879724e-05	136	5.550000e-05	
1.985058e+06	0	1.133213e-04	37	8.192152e-08	7.947385e-05	3179285865	4.744049e-05	
2.000619e+06	4	3.111782e-05	1639799867	1.878656e-08	4.138772e-05	3491092596	4.593501e-05	57770090	1.400000e-08	
2.029727e+06	0	9.980844e-05	43	2.790000e-08	5.550000e-05	474866315	4.578381e-05	
2.043332e+06	0	1.475620e-04	16	4.182025e-07	1.367609e-04	139	5.550000e-05	
2.068129e+06	3	8.251988e-05	37	4.537268e-08	6.526641e-05	1285693762	4.540567e-05	3071577057	1.727548e-08	1452489764	1.727548e-08	4260098875	1.727548e-08	
2.069443e+06	0	1.084886e-04	37	4.537268e-08	6.526641e-05	43	5.550000e-05	
2.071725e+06	1	1.697228e-04	9	1.408145e-06	2.049820e-04	2215785330	4.593501e-05	
2.076917e+06	0	1.474875e-04	1	3.543237e-07	1.294096e-04	37	6.526641e-05	
2.079715e+06	1	7.036145e-05	4260098875	3.455097e-08	5.959982e-05	1452489764	4.730441e-05	
2.082258e+06	0	8.519748e-05	2001290253	1.742500e-08	4.744049e-05	83	4.410295e-05	
2.096855e+06	0	8.447075e-05	87	2.790000e-08	5.550000e-05	57770090	4.138772e-05	
2.101523e+06	1	1.664386e-04	3	1.022360e-06	1.842332e-04	2001290253	4.744049e-05	
2.131045e+06	2	1.348098e-04	2	7.439931e-07	1.657128e-04	37	6.526641e-05	3696843781	1.428091e-08	
2.131347e+06	0	1.742850e-04	1	3.543237e-07	1.294096e-04	3179285865	4.744049e-05	
2.138597e+06	1	1.390022e-04	2	7.582740e-07	1.667664e-04	3696843781	4.436956e-05	
2.172328e+06	2	1.046532e-04	1	3.847803e-07	1.330161e-04	1931993247	6.687003e-05	2138100036	1.834339e-08	
2.243113e+06	1	1.054442e-04	2	7.928250e-07	1.692618e-04	4260098875	5.959982e-05	
2.257684e+06	0	1.751717e-04	1	3.847803e-07	1.330161e-04	2138100036	4.823101e-05	
2.287583e+06	0	2.084156e-04	14	5.441000e-07	1.492999e-04	11	1.415635e-04	
2.292379e+06	3	5.720722e-05	2138100036	2.093263e-08	4.407671e-05	937177227	4.666957e-05	1726701215	1.400000e-08	
2.302962e+06	1	1.657625e-04	8	1.622006e-06	2.148741e-04	3414514926	4.487049e-05	
2.312863e+06	0	1.015414e-04	94	2.790000e-08	5.550000e-05	43	5.550000e-05	
2.315519e+06	0	1.770286e-04	1	3.847803e-07	1.330161e-04	1726701215	4.407671e-05	
2.336793e+06	4	1.334935e-05	136	1.400000e-08	4.410295e-05	474866315	4.578381e-05	1412415798	1.478125e-08	375852842	1.478125e-08	
2.342637e+06	0	1.405363e-04	16	4.182025e-07	1.367609e-04	156	5.550000e-05	
2.348101e+06	0	1.350117e-04	1	3.847803e-07	1.330161e-04	1726701215	4.407671e-05	
2.391418e+06	1	9.983190e-05	3	1.037141e-06	1.851168e-04	1412415798	4.490851e-05	
2.398817e+06	1	1.076689e-04	16	4.329462e-07	1.383496e-04	2312786130	4.487049e-05	
2.409758e+06	1	9.666711e-05	3	1.051141e-06	1.859460e-04	57770090	4.138772e-05	
2.431174e+06	1	3.641472e-05	2	8.102500e-07	1.704929e-04	3179285865	4.744049e-05	
2.444076e+06	1	2.013756e-04	9	1.422580e-06	2.056800e-04	1035956119	4.452874e-05	
2.472836e+06	1	6.412503e-05	1	3.987803e-07	1.346101e-04	83	4.410295e-05	
2.474362e+06	0	1.644289e-04	1	3.987803e-07	1.346101e-04	1726701215	4.407671e-05	
2.480551e+06	3	6.759577e-05	35	2.790000e-08	4.410295e-05	1726701215	4.407671e-05	3593732192	1.400000e-08	
2.484092e+06	0	7.025420e-05	35	2.790000e-08	4.410295e-05	3593732192	4.410295e-05	
2.534704e+06	1	1.090700e-04	1	4.127803e-07	1.361673e-04	3593732192	4.410295e-05	
2.547045e+06	0	1.015817e-04	245	3.676016e-08	6.084394e-05	215	5.550000e-05	
2.588504e+06	1	1.022626e-04	1	4.337129e-07	1.384312e-04	2138100036	4.407671e-05	
2.596300e+06	1	1.316939e-05	2	8.381500e-07	1.724277e-04	43	5.550000e-05	
2.602619e+06	0	2.347557e-04	3	1.051141e-06	1.859460e-04	205	5.172820e-05	
2.622015e+06	0	1.631912e-04	1	4.337129e-07	1.384312e-04	205	5.172820e-05	
2.623817e+06	1	1.504053e-04	3	1.069928e-06	1.870473e-04	1639799867	4.138772e-05	
2.635169e+06	1	3.110367e-05	8	1.636750e-06	2.155232e-04	1494850122	4.487049e-05	
2.685980e+06	3	7.083712e-05	165	1.400000e-08	4.410295e-05	246	5.431970e-05	3888264012	2.002879e-08	313359544	2.002879e-08	
2.719360e+06	0	2.131571e-04	14	5.441000e-07	1.492999e-04	17	1.195000e-04	
2.719540e+06	1	1.509632e-04	2	8.554254e-07	1.736043e-04	3071577057	4.730441e-05	
2.721208e+06	1	5.515592e-05	16	4.608462e-07	1.412598e-04	108	5.550000e-05	
2.729614e+06	1	1.000268e-04	16	4.887462e-07	1.440548e-04	122	5.550000e-05	
2.832466e+06	1	1.796330e-04	9	1.450480e-06	2.070159e-04	151	5.550000e-05	
2.909226e+06	1	4.394833e-05	281	5.580000e-08	6.992562e-05	229	5.550000e-05	
2.909738e+06	1	8.313981e-05	3	1.084709e-06	1.879047e-04	375852842	4.490851e-05	
2.940995e+06	1	8.009262e-05	3	1.098709e-06	1.887096e-04	136	4.410295e-05	
2.949057e+06	0	2.043795e-04	22	5.580000e-07	1.505606e-04	11	1.415635e-04	
2.968046e+06	0	7.794888e-05	141	2.790000e-08	5.550000e-05	123	5.550000e-05	
3.006713e+06	0	1.699093e-04	1	4.337129e-07	1.384312e-04	2909632847	4.666957e-05	
3.033499e+06	0	1.382325e-04	17	2.790000e-07	1.195000e-04	216	6.992562e-05	
3.066108e+06	0	1.801510e-04	14	5.441000e-07	1.492999e-04	137	5.550000e-05	
3.094364e+06	4	4.178734e-05	166	1.400000e-08	4.410295e-05	141	5.550000e-05	217284033	2.090000e-08	2151269300	2.090000e-08	
3.161407e+06	1	1.784247e-04	8	1.664650e-06	2.167409e-04	140	5.550000e-05	
3.169597e+06	0	1.715543e-04	11	4.638250e-07	1.415635e-04	17	1.195000e-04	
3.205920e+06	1	1.168048e-04	2	8.833254e-07	1.754716e-04	94	5.550000e-05	
3.222821e+06	1	4.835282e-04	1769235826	9.542937e-04	4.779140e-04	210	5.550000e-05	
3.232350e+06	0	1.861675e-04	2	8.833254e-07	1.754716e-04	2909632847	4.666957e-05	
3.247943e+06	0	2.231583e-04	3	1.098709e-06	1.887096e-04	1634407402	4.593501e-05	
3.395905e+06	1	1.267378e-04	9	1.471380e-06	2.080055e-04	2151269300	5.040501e-05	
3.397364e+06	0	1.942042e-04	14	5.441000e-07	1.492999e-04	117	5.550000e-05	
3.461246e+06	1	8.083009e-05	11	4.917250e-07	1.443468e-04	139	5.550000e-05	
3.676238e+06	4	2.789553e-05	137	2.790000e-08	4.410295e-05	165	4.410295e-05	3913511150	1.400000e-08	
3.710873e+06	1	1.050587e-04	14	5.720000e-07	1.518093e-04	131	5.550000e-05	
3.757009e+06	1	1.338714e-04	3	1.112709e-06	1.895078e-04	166	4.410295e-05	
3.864976e+06	0	2.387341e-04	8	1.664650e-06	2.167409e-04	772925454	4.593501e-05	
3.982823e+06	1	1.384684e-04	9	1.488038e-06	2.087875e-04	2795063678	4.673391e-05	
4.003836e+06	0	2.537813e-04	22	5.580000e-07	1.505606e-04	12	1.233575e-04	
4.100689e+06	0	2.517536e-04	9	1.488038e-06	2.087875e-04	107	5.550000e-05	
4.123973e+06	1	1.695713e-04	9	1.515938e-06	2.100843e-04	87	5.550000e-05	
4.127952e+06	1	1.329132e-04	9	1.543838e-06	2.113653e-04	157	5.550000e-05	
4.243379e+06	0	2.566207e-04	8	1.664650e-06	2.167409e-04	188552836	4.452874e-05	
4.293678e+06	0	1.878826e-04	11	4.917250e-07	1.443468e-04	135	5.550000e-05	
4.376340e+06	1	7.949564e-05	9	1.571738e-06	2.126310e-04	197	5.550000e-05	
4.481954e+06	0	2.692782e-04	8	1.664650e-06	2.167409e-04	90	5.550000e-05	
4.580760e+06	1	9.086468e-05	3	1.134220e-06	1.907212e-04	1026028388	5.089130e-05	
4.622948e+06	1	1.180089e-04	2	9.112254e-07	1.772999e-04	35	4.410295e-05	
4.671264e+06	1	9.769304e-05	3	1.150066e-06	1.916053e-04	1634407402	4.593501e-05	
4.740224e+06	3	6.402433e-05	88	1.400000e-08	4.410295e-05	1218250404	4.824897e-05	2962530363	1.613195e-08	2063946235	1.613195e-08	
4.986741e+06	0	1.065299e-04	126	2.790000e-08	5.550000e-05	90	5.550000e-05	
5.130685e+06	2	2.170448e-04	8	2.101638e-06	2.342534e-04	16	1.440548e-04	1172086036	1.400000e-08	690117576	1.887883e-08	3288380490	1.887883e-08	
5.139880e+06	1	1.734574e-04	8	2.115638e-06	2.347724e-04	1172086036	4.407671e-05	
5.208866e+06	0	2.201883e-04	3	1.150066e-06	1.916053e-04	690117576	4.869580e-05	
5.263202e+06	4	2.731412e-05	2962530363	1.613195e-08	4.410295e-05	88	4.410295e-05	845665321	1.400000e-08	
5.300633e+06	1	9.034748e-03	0	1.000000e+00	1.000000e-02	238	5.550000e-05	
5.316827e+06	0	2.368836e-04	8	2.115638e-06	2.347724e-04	90	5.550000e-05	
5.320161e+06	1	2.244199e-04	8	2.134517e-06	2.354686e-04	3288380490	4.869580e-05	
5.354856e+06	0	1.007274e-04	100	5.314204e-08	6.879724e-05	3375523036	4.593501e-05	
5.363426e+06	4	1.688344e-05	182	1.400000e-08	4.410295e-05	102	5.550000e-05	3122982648	2.090000e-08	1471982444	2.090000e-08	
5.507591e+06	1	6.589687e-05	100	7.317083e-08	7.653691e-05	3888264012	4.969467e-05	
5.537041e+06	0	2.655282e-04	8	2.134517e-06	2.354686e-04	2909632847	4.666957e-05	
5.579742e+06	1	1.595773e-04	2	9.391254e-07	1.790913e-04	79	5.550000e-05	
5.712176e+06	1	6.427333e-05	9	1.588327e-06	2.133765e-04	2909632847	4.666957e-05	
5.715012e+06	3	6.689590e-05	3642829293	1.576127e-08	4.410295e-05	611212867	4.418013e-05	3303338876	1.400000e-08	
5.754307e+06	1	1.900441e-04	8	2.148952e-06	2.359982e-04	188552836	4.452874e-05	
5.783139e+06	1	8.402544e-05	12	3.230319e-07	1.254821e-04	2063946235	4.623674e-05	
5.932795e+06	1	2.355479e-04	9	1.911359e-06	2.269589e-04	12	1.254821e-04	
5.972348e+06	3	3.574132e-05	175	2.790000e-08	4.410295e-05	170	4.410295e-05	2875471576	1.400000e-08	
6.002579e+06	1	1.236629e-04	3	1.164066e-06	1.923796e-04	845665321	4.410295e-05	
6.042078e+06	0	2.165137e-04	2	9.391254e-07	1.790913e-04	1078741991	4.540567e-05	
6.117472e+06	4	3.920230e-05	175	2.790000e-08	3.504630e-05	3303338876	4.410295e-05	1738909006	1.400000e-08	
6.134337e+06	2	2.627415e-05	193	2.945340e-08	5.651148e-05	1471982444	5.040501e-05	356405251	1.934660e-08	
6.332936e+06	1	2.076870e-04	8	2.169852e-06	2.367609e-04	217284033	5.040501e-05	
6.641069e+06	3	6.019337e-05	178	4.818468e-08	6.658779e-05	152	5.550000e-05	2879167783	1.775766e-08	3083352544	1.775766e-08	
6.777155e+06	0	2.436696e-04	9	1.911359e-06	2.269589e-04	182	4.410295e-05	
6.970126e+06	0	2.114412e-04	3	1.164066e-06	1.923796e-04	1078741991	4.540567e-05	
7.026903e+06	0	1.705460e-04	14	5.720000e-07	1.518093e-04	156	5.550000e-05	
7.090044e+06	1	9.449365e-05	11	5.648958e-07	1.511782e-04	100	7.653691e-05	
7.313870e+06	1	2.309928e-04	8	2.197752e-06	2.377713e-04	167	5.550000e-05	
7.479169e+06	0	1.602220e-04	1	4.337129e-07	1.384312e-04	117	5.550000e-05	
7.521223e+06	1	1.040806e-04	8	2.225652e-06	2.387732e-04	117	5.550000e-05	
7.747078e+06	0	7.489830e-05	148	2.790000e-08	5.550000e-05	690117576	4.869580e-05	
7.875641e+06	1	9.994230e-03	0	1.000000e+00	1.000000e-02	1239307652	4.744049e-05	
7.875926e+06	0	1.931576e-04	3	1.164066e-06	1.923796e-04	1078741991	4.540567e-05	
7.977207e+06	0	2.123671e-04	2	9.391254e-07	1.790913e-04	1078741991	4.540567e-05	
8.006239e+06	1	6.264928e-05	2	9.548867e-07	1.800876e-04	3642829293	4.410295e-05	
8.167570e+06	1	1.800302e-04	8	2.239652e-06	2.392728e-04	3913511150	4.410295e-05	
8.245413e+06	0	7.895730e-05	3122982648	2.090000e-08	5.040501e-05	356405251	4.912393e-05	
8.268919e+06	3	1.045626e-04	1	4.021086e-07	1.349836e-04	1078741991	4.540567e-05	4198169764	1.562732e-08	821115011	1.562732e-08	2118016430	1.562732e-08	
8.270634e+06	1	7.412923e-05	1	4.177359e-07	1.367101e-04	4198169764	4.572229e-05	
8.271100e+06	1	1.002578e-04	1	4.333632e-07	1.383940e-04	821115011	4.572229e-05	
8.274409e+06	1	9.991494e-03	0	1.000000e+00	1.000000e-02	90	5.550000e-05	
8.289207e+06	1	6.557047e-05	3	1.191966e-06	1.939045e-04	175	3.504630e-05	
8.379783e+06	0	1.881840e-04	14	5.720000e-07	1.518093e-04	216	6.992562e-05	
8.422629e+06	1	8.781688e-05	1	4.489906e-07	1.400379e-04	2118016430	4.572229e-05	
8.524355e+06	0	1.687863e-04	14	5.720000e-07	1.518093e-04	179	5.550000e-05	
8.555759e+06	1	2.243532e-04	9	1.939259e-06	2.280579e-04	179	5.550000e-05	
8.574104e+06	2	1.517929e-04	9	2.470747e-06	2.472346e-04	11	1.511782e-04	1945735688	1.670395e-08	4093093422	1.670395e-08	
8.574886e+06	1	2.047962e-04	9	2.487451e-06	2.477905e-04	4093093422	4.674906e-05	
8.892417e+06	0	2.028692e-04	3	1.191966e-06	1.939045e-04	126	5.550000e-05	
9.084199e+06	1	8.157998e-05	2	9.827867e-07	1.818247e-04	126	5.550000e-05	
9.092562e+06	1	1.914278e-04	3	1.247766e-06	1.968842e-04	216	6.992562e-05	
