# Mean values across datasets
4.059995550735898684e-01
5.629897727374645333e-01
3.758107739751032628e-01
5.657500104633785831e-01
3.611497083093199723e-01
5.232394959927514355e-01
4.124276485481611632e-01
5.421395810536939752e-01
4.685321251596928360e-01
6.292714321641359465e-01
4.861276684958957262e-01
4.470991247104335042e-01
3.733932315243743139e-01
5.562261019870515799e-01
4.124898843547705196e-01
5.557467733492809092e-01
4.643992761852829831e-01
4.887405014152217397e-01
3.579378230835180141e-01
4.283746226916356759e-01
4.080887393398049956e-01
5.826270501886076092e-01
4.153256707287805161e-01
4.863301979112587548e-01
4.272665476460423273e-01
6.553339146073995369e-01
5.314740574651363181e-01
5.133667965646261377e-01
5.981833681462760399e-01
4.783178716390888985e-01
5.557233662745503233e-01
6.393868615594264782e-01
5.164491795153507425e-01
4.811994034451975155e-01
5.676818574360951164e-01
4.883830571593330561e-01
5.401144886635138587e-01
6.354968803049322323e-01
4.798790953966564077e-01
5.584231514709815380e-01
5.580568996415229410e-01
4.738679442751770887e-01
4.520382805747639177e-01
4.021698235966302271e-01
5.046527329061867295e-01
6.358546214715594669e-01
4.937771178378960180e-01
4.499310833295891987e-01
5.763214728616665727e-01
4.443390905170894745e-01
5.945399485339966095e-01
4.044787987791121919e-01
4.485613251439636295e-01
4.743888441920796062e-01
5.311543970383992841e-01
6.290029386880007234e-01
3.650838885319475646e-01
5.561018914124077339e-01
3.907674108810530456e-01
4.141090437268070135e-01
4.428021376512322194e-01
4.702331672080214409e-01
4.762671655665917103e-01
6.289742801064420741e-01
5.981515970090639511e-01
6.932324113800188981e-01
4.020127532720274566e-01
4.412056640487627135e-01
4.366477219724448355e-01
4.468333200538583405e-01
4.369281381659265162e-01
4.412064025933790101e-01
4.455438964472321350e-01
4.635917925484153157e-01
5.640128694322125158e-01
5.988703962499134503e-01
4.082762334504813628e-01
6.062094699459136260e-01
6.633386715755961172e-01
4.193543462203086492e-01
4.664763322250413680e-01
3.374588972401209586e-01
6.186276752724573225e-01
5.914672543663052062e-01
6.900952483536134663e-01
5.749564422654336315e-01
4.411915623825241606e-01
5.952875105964624547e-01
5.206649781718183378e-01
4.567590617428697319e-01
5.311127757130120752e-01
6.175659811552466349e-01
4.610899824434867011e-01
5.836738061268018640e-01
4.728237403517331350e-01
4.500982090762896126e-01
4.415248466947654937e-01
4.631707301881596850e-01
6.208281408550736513e-01
5.127880289413024872e-01
