# Stochastic error (std dev) across datasets
3.066046239065013945e-01
2.758202970766556739e-01
3.163312998645860796e-01
3.062208650614396954e-01
2.455604448184795785e-01
2.489008011270065213e-01
2.501996018327537485e-01
2.357780492805170713e-01
2.465892277528233256e-01
2.449732306240699486e-01
3.210556472807257755e-01
2.333454310167588086e-01
2.973407368007759399e-01
3.070526571319886489e-01
2.105464506194962837e-01
2.592539175277482899e-01
2.618565917747888716e-01
2.913650300545576610e-01
2.688827849842147510e-01
2.684040304044135739e-01
2.471573725349852924e-01
2.802012826098428389e-01
2.888305236114425689e-01
2.729729997736782821e-01
2.890637671443562207e-01
1.645164877438896056e-01
2.817598165693715462e-01
2.140470976993980312e-01
2.682503862545145834e-01
2.233516541427141566e-01
3.158472516376343298e-01
2.392774918643046644e-01
2.502899691579915653e-01
2.653322160340907399e-01
2.954247091823974936e-01
3.141525781650669202e-01
2.504140747896037023e-01
2.299344545312476118e-01
2.142572533240304222e-01
2.772268567314764010e-01
2.191163347500331426e-01
2.895316290733669362e-01
3.135047521399255133e-01
2.903171420079548315e-01
3.564768923115582133e-01
2.060708917498597081e-01
2.450322972075211769e-01
3.328509439852864182e-01
2.873726767833904572e-01
3.402656078852229760e-01
3.269615316364039570e-01
2.994714761272027626e-01
1.527177379920754141e-01
2.718878218785867329e-01
2.855522946216326186e-01
3.246924188910558229e-01
2.317970353920387194e-01
2.978853009008731734e-01
2.348012249145823294e-01
2.212180399244066120e-01
3.044856752130576938e-01
2.818545091941450087e-01
2.122399173733078293e-01
2.743046236044272002e-01
1.976383014725586473e-01
1.467903888365310883e-01
2.586503923291721962e-01
3.143380738364094373e-01
2.998060977565736307e-01
3.248277581055379337e-01
2.145015409415251262e-01
2.125061473774413900e-01
3.341357580011399264e-01
3.098769032782584532e-01
2.940441855493791667e-01
2.009144041862419017e-01
3.465213362628540295e-01
3.081066268285332921e-01
2.927732966107654544e-01
2.747163920293111961e-01
2.374618321876530991e-01
2.554240835348536298e-01
2.691948288129039635e-01
2.753678592358467236e-01
2.185875851028511174e-01
2.348807966765165955e-01
2.828176673546063946e-01
2.418397741297454995e-01
2.441094604770219778e-01
3.208866393726759192e-01
3.781000554153142734e-01
3.189660734552893784e-01
2.493065850855760157e-01
2.866522645747802134e-01
3.503825989117157480e-01
3.015677877427421771e-01
3.178954490854847270e-01
2.393451112939389835e-01
3.098026244765284543e-01
3.076141338832250605e-01
