6.578013e+00	1	8.379088e-05	659524895	5.586351e-08	6.582497e-05	2542835646	6.582497e-05	
8.939294e+00	1	1.192325e-04	40245973	5.586351e-08	6.582497e-05	387772665	6.582497e-05	
3.004952e+01	1	1.047638e-04	40245973	8.379527e-08	8.293427e-05	905418128	6.582497e-05	
4.673133e+01	1	2.053463e-04	4143790437	3.072493e-07	1.418156e-04	3800234335	6.582497e-05	
5.868900e+01	2	6.703967e-05	659524895	6.575752e-08	8.293427e-05	314650893	6.582497e-05	3687573659	9.018876e-09	3196256300	9.018876e-09	
5.888460e+01	1	5.520025e-05	659524895	7.477639e-08	8.756685e-05	3687573659	4.515877e-05	
5.894009e+01	1	1.253799e-04	3891448235	5.586351e-08	6.582497e-05	3498415124	6.582497e-05	
6.588286e+01	2	9.910910e-06	659524895	9.300401e-08	9.139998e-05	486050091	6.582497e-05	848448836	9.704145e-09
1.066597e+02	2	3.561606e-05	343742982	4.505260e-08	6.582497e-05	3747246174	6.582497e-05	2211003714	1.081092e-08
1.233541e+02	1	1.088693e-04	3481866093	5.586351e-08	6.582497e-05	811613008	6.582497e-05	
1.677619e+02	1	1.292818e-04	40245973	1.117270e-07	9.493603e-05	2298477853	6.582497e-05	
2.649569e+02	2	1.485833e-04	2759854154	3.542884e-07	1.418156e-04	659524895	9.829358e-05	2916276788	6.982939e-09	3696193412	1.105019e-08	
2.772352e+02	1	1.034306e-04	416783067	3.072493e-07	1.418156e-04	1128709694	6.582497e-05	
2.906462e+02	1	1.016207e-04	2759854154	3.653386e-07	1.535124e-04	3696193412	4.832233e-05	
3.460608e+02	1	7.702698e-06	343742982	5.475674e-08	7.719654e-05	848448836	4.627471e-05	
3.826281e+02	1	1.974848e-04	1909946179	3.072493e-07	1.418156e-04	392861532	6.582497e-05	
3.835419e+02	1	6.029555e-05	4263717482	3.695063e-08	6.582497e-05	3196256300	4.515877e-05	
4.143091e+02	1	2.066115e-04	4143790437	3.351811e-07	1.463934e-04	253808213	6.582497e-05	
4.173214e+02	1	7.502896e-05	3037779432	5.586351e-08	6.582497e-05	1651612823	6.582497e-05	
4.263696e+02	1	1.781759e-04	2759854154	3.932704e-07	1.550921e-04	4188445920	6.582497e-05	
4.320180e+02	1	2.043675e-04	1909946179	3.351811e-07	1.463934e-04	1584276479	6.582497e-05	
4.364701e+02	1	1.220672e-04	1134132465	5.586351e-08	6.582497e-05	741863299	6.582497e-05	
4.812748e+02	1	2.040776e-04	1909946179	3.631128e-07	1.507016e-04	1444500749	6.582497e-05	
7.858379e+02	1	9.467140e-05	865537991	5.586351e-08	6.582497e-05	2038493855	6.582497e-05	
8.227592e+02	1	1.796651e-04	4143790437	3.631128e-07	1.507016e-04	1790255658	6.582497e-05	
8.798495e+02	0	7.450773e-05	3616865126	2.793176e-08	6.582497e-05	4252347608	6.582497e-05	
8.881511e+02	1	2.045182e-04	2759854154	4.212021e-07	1.589480e-04	4231632140	6.582497e-05	
9.037874e+02	1	1.136037e-04	3891448235	8.379527e-08	8.293427e-05	333964007	6.582497e-05	
9.508016e+02	1	1.723211e-04	3865200818	3.072493e-07	1.418156e-04	1236021306	6.582497e-05	
9.568383e+02	1	1.145958e-04	870896792	3.072493e-07	1.418156e-04	2779686750	6.582497e-05	
1.246969e+03	1	6.598133e-05	3129006749	5.586351e-08	6.582497e-05	3421887303	6.582497e-05	
1.251013e+03	1	2.027660e-04	2759854154	4.491339e-07	1.626253e-04	2504591099	6.582497e-05	
1.362413e+03	1	1.186449e-04	1434594601	5.586351e-08	6.582497e-05	3382444416	6.582497e-05	
1.409051e+03	1	1.435237e-04	2759854154	4.860845e-07	1.661434e-04	4263717482	7.226010e-05	
1.424989e+03	2	2.205053e-05	2919643181	4.883042e-08	6.582497e-05	3704423751	6.582497e-05	15308464	7.033091e-09	
1.554544e+03	1	1.484601e-04	3865200818	3.351811e-07	1.463934e-04	941534069	6.582497e-05	
1.583028e+03	1	4.324308e-05	2759854154	5.140163e-07	1.705802e-04	326805806	6.582497e-05	
1.606258e+03	1	7.376597e-05	3891448235	1.396588e-07	9.493603e-05	865537991	8.293427e-05	
1.758647e+03	2	7.224973e-05	3037779432	1.035256e-07	8.293427e-05	3129006749	8.293427e-05	1239307652	8.201386e-09	
1.900464e+03	1	4.974294e-05	3061883439	5.586351e-08	6.582497e-05	1731090175	6.582497e-05	
1.909582e+03	1	1.020071e-04	1909946179	3.910446e-07	1.547765e-04	1768543625	6.582497e-05	
1.937070e+03	1	1.215745e-04	3037779432	1.117270e-07	1.018687e-04	1239307652	4.375090e-05	
1.975811e+03	1	1.782101e-04	276262414	3.072493e-07	1.418156e-04	2669757562	6.582497e-05	
2.271447e+03	1	1.174355e-04	870896792	3.351811e-07	1.463934e-04	561528368	6.582497e-05	
2.439423e+03	1	2.541567e-04	2759854154	5.687730e-07	1.737868e-04	343742982	8.238291e-05	
2.495949e+03	1	9.491097e-05	1023377729	3.072493e-07	1.418156e-04	3232700421	6.582497e-05	
2.578770e+03	1	1.014261e-04	3933289935	5.586351e-08	6.582497e-05	405521437	6.582497e-05	
2.600425e+03	1	1.017169e-04	838860310	5.586351e-08	6.582497e-05	3121047530	6.582497e-05	
2.621698e+03	1	1.346767e-04	3823986536	3.072493e-07	1.418156e-04	4226750145	6.582497e-05	
2.779833e+03	1	1.138008e-04	1434594601	8.379527e-08	8.293427e-05	1123501568	6.582497e-05	
2.965844e+03	1	1.936449e-04	1909946179	4.189763e-07	1.586475e-04	997905375	6.582497e-05	
3.083208e+03	1	1.320169e-04	3037779432	1.396588e-07	1.044906e-04	3268335666	6.582497e-05	
3.261329e+03	1	1.472737e-04	3891448235	1.675905e-07	1.125591e-04	2046083849	6.582497e-05	
3.301820e+03	1	1.226244e-04	1347872676	5.586351e-08	6.582497e-05	1425083048	6.582497e-05	
3.494655e+03	1	1.965851e-04	2759854154	5.967048e-07	1.797508e-04	4252347608	6.582497e-05	
3.566914e+03	1	1.244498e-04	3037779432	1.675905e-07	1.125591e-04	3938221642	6.582497e-05	
3.676100e+03	1	1.428515e-04	40245973	1.396588e-07	1.044906e-04	3823443426	6.582497e-05	
4.321792e+03	1	8.580944e-05	1963165541	5.586351e-08	6.582497e-05	2487301543	6.582497e-05	
4.539601e+03	3	2.431608e-05	3384709749	2.567417e-08	6.582497e-05	1516068388	6.582497e-05	1945448119	7.547336e-09	3396227953	7.547336e-09	3321237907	7.547336e-09	3187199216	7.547336e-09	
4.810003e+03	1	1.236560e-04	3245569981	5.586351e-08	6.582497e-05	385785803	6.582497e-05	
5.077967e+03	1	5.168501e-05	2759854154	6.042521e-07	1.826464e-04	3187199216	4.255551e-05	
5.244140e+03	1	1.287074e-04	3015378843	5.586351e-08	6.582497e-05	3616865126	6.582497e-05	
5.995878e+03	1	1.040313e-04	717226258	5.586351e-08	6.582497e-05	1735432893	6.582497e-05	
6.273371e+03	1	2.223233e-04	2759854154	6.112351e-07	1.834132e-04	2916276788	4.146713e-05	
6.479166e+03	1	1.587089e-04	1023377729	3.351811e-07	1.463934e-04	2408568032	6.582497e-05	
6.629048e+03	1	9.166353e-05	4080189872	3.072493e-07	1.418156e-04	3732071459	6.582497e-05	
6.825174e+03	1	8.318133e-05	3823986536	3.351811e-07	1.463934e-04	1631081845	6.582497e-05	
7.932461e+03	1	1.262050e-04	416783067	3.351811e-07	1.463934e-04	582973675	6.582497e-05	
7.978284e+03	1	7.640118e-05	717226258	6.667443e-08	8.293427e-05	2211003714	4.797100e-05	
8.211720e+03	1	1.246240e-04	1909946179	4.469081e-07	1.623383e-04	2250757420	6.582497e-05	
8.736655e+03	1	1.012234e-04	3519923770	5.586351e-08	6.582497e-05	3071234124	6.582497e-05	
8.880416e+03	1	1.778704e-04	276262414	3.351811e-07	1.463934e-04	3919821980	6.582497e-05	
9.329011e+03	1	6.895519e-05	290926289	5.586351e-08	6.582497e-05	3841896594	6.582497e-05	
9.382915e+03	1	1.542222e-04	1023377729	3.631128e-07	1.507016e-04	1502094437	6.582497e-05	
1.037772e+04	1	1.567799e-04	3891448235	1.751379e-07	1.196119e-04	1945448119	4.255551e-05	
1.043527e+04	1	1.633107e-04	3891448235	2.008120e-07	1.213812e-04	3384709749	6.400148e-05	
1.046312e+04	1	1.292203e-04	1909946179	5.307034e-07	1.658685e-04	1434594601	9.493603e-05	
1.103040e+04	1	2.222836e-04	4080189872	3.631128e-07	1.463934e-04	3245569981	8.293427e-05	
1.132585e+04	2	3.066172e-05	3919026803	4.724617e-08	6.582497e-05	1503861029	6.582497e-05	3330100144	8.617347e-09	
1.134667e+04	1	9.992082e-05	2937387076	5.586351e-08	6.582497e-05	1481166135	6.582497e-05	
1.227910e+04	1	2.066324e-04	4080189872	3.910446e-07	1.547765e-04	3953846011	6.582497e-05	
1.271388e+04	1	1.156800e-04	2729381062	5.586351e-08	6.582497e-05	3150420704	6.582497e-05	
1.290157e+04	1	1.135730e-04	3037779432	3.072493e-07	1.196119e-04	40245973	1.125591e-04	
1.321974e+04	1	2.608779e-04	1909946179	9.217480e-07	1.756475e-04	4080189872	1.586475e-04	
1.358452e+04	1	1.543366e-04	858471941	3.072493e-07	1.418156e-04	3020817656	6.582497e-05	
1.428292e+04	1	1.765360e-04	4143790437	6.424304e-07	1.547765e-04	1119993136	1.418156e-04	
1.474561e+04	1	2.166640e-04	870896792	6.703622e-07	1.507016e-04	276262414	1.507016e-04	
1.503255e+04	1	2.339241e-04	2759854154	6.391668e-07	1.841171e-04	245436729	6.582497e-05	
1.564828e+04	1	2.260953e-04	4143790437	6.703622e-07	1.871975e-04	1498734392	6.582497e-05	
1.613985e+04	1	1.613567e-04	3037779432	3.739238e-07	1.463934e-04	717226258	8.797198e-05	
1.617314e+04	1	2.565256e-04	2759854154	6.950303e-07	1.868799e-04	1134132465	8.293427e-05	
1.726040e+04	1	1.997077e-04	1909946179	9.496797e-07	2.111359e-04	2693713428	6.582497e-05	
1.831723e+04	2	3.834668e-05	2729381062	6.712660e-08	8.293427e-05	3015378843	8.293427e-05	310481256	7.433404e-09	817087088	7.433404e-09	551137729	7.433404e-09	1218250404	7.433404e-09	1035956119	7.433404e-09	1211996162	7.433404e-09	
1.857522e+04	1	1.801482e-04	3471981902	3.072493e-07	1.418156e-04	4061687915	6.582497e-05	
1.864172e+04	0	1.220674e-04	2729381062	6.712660e-08	8.817040e-05	3481866093	8.293427e-05	
1.895101e+04	1	2.520958e-04	1909946179	9.776115e-07	2.132474e-04	199935986	6.582497e-05	
1.972055e+04	1	1.596145e-04	858471941	3.560797e-07	1.463934e-04	2919643181	7.929663e-05	
2.075001e+04	1	1.767919e-04	3865200818	4.023077e-07	1.507016e-04	2729381062	8.817040e-05	
2.234982e+04	1	2.333392e-04	2759854154	7.229621e-07	1.921731e-04	90391199	6.582497e-05	
2.339587e+04	1	1.978207e-04	3037779432	3.814711e-07	1.562976e-04	3396227953	4.255551e-05	
2.379388e+04	1	1.210321e-04	3865200818	4.097411e-07	1.601563e-04	551137729	4.234029e-05	
2.529571e+04	1	3.700395e-05	3933289935	1.117270e-07	8.293427e-05	3061883439	8.293427e-05	
2.608466e+04	1	1.298625e-04	251961497	5.586351e-08	6.582497e-05	632754209	6.582497e-05	
2.993324e+04	1	1.000776e-04	2440120768	5.586351e-08	6.582497e-05	3749853089	6.582497e-05	
3.001793e+04	1	1.817843e-04	416783067	3.426145e-07	1.507016e-04	817087088	4.234029e-05	
3.043414e+04	1	2.145862e-04	3823986536	3.910446e-07	1.507016e-04	2440120768	8.293427e-05	
3.220978e+04	1	1.004052e-04	770580294	5.586351e-08	6.582497e-05	384163328	6.582497e-05	
3.315546e+04	1	2.939946e-04	2759854154	9.237741e-07	1.947137e-04	3891448235	1.270441e-04	
3.379698e+04	2	1.317053e-04	1909946179	1.624423e-06	2.153178e-04	4143790437	1.898721e-04	188552836	7.850220e-09	2029773149	7.850220e-09	302486611	7.850220e-09	
3.393228e+04	1	1.195831e-04	1909946179	1.632273e-06	2.550298e-04	2029773149	4.311733e-05	
3.470629e+04	1	1.856335e-04	3865200818	4.171745e-07	1.611367e-04	1035956119	4.234029e-05	
3.627176e+04	1	1.892222e-04	3680235706	3.072493e-07	1.418156e-04	2768642543	6.582497e-05	
3.667407e+04	1	9.762505e-05	2759854154	9.312075e-07	2.112904e-04	310481256	4.234029e-05	
3.710023e+04	1	2.915862e-04	1909946179	1.640123e-06	2.554400e-04	188552836	4.311733e-05	
3.963806e+04	1	1.970069e-04	416783067	3.705462e-07	1.518075e-04	2308721517	6.582497e-05	
4.108755e+04	1	9.413541e-05	3012070026	5.586351e-08	6.582497e-05	1593850299	6.582497e-05	
4.205423e+04	1	1.073082e-04	3865200818	4.246079e-07	1.621053e-04	1218250404	4.234029e-05	
4.649770e+04	1	2.837036e-04	2759854154	9.870711e-07	2.118557e-04	3481866093	8.293427e-05	
5.042046e+04	1	2.294583e-04	3865200818	7.039255e-07	1.630624e-04	2023909660	1.418156e-04	
5.103231e+04	1	1.278089e-04	3919026803	7.517792e-08	7.842962e-05	1866926464	6.582497e-05	
5.271608e+04	1	1.073119e-04	3228084226	5.586351e-08	6.582497e-05	728028737	6.582497e-05	
5.284667e+04	1	2.049409e-04	870896792	7.262257e-07	1.898721e-04	3228084226	8.293427e-05	
5.727182e+04	1	1.253711e-04	858471941	3.840115e-07	1.537707e-04	1227575429	6.582497e-05	
5.746174e+04	1	6.191364e-05	754869367	5.586351e-08	6.582497e-05	3775452048	6.582497e-05	
5.787991e+04	1	4.125544e-05	3865200818	7.318572e-07	1.929894e-04	4122240121	6.582497e-05	
5.989760e+04	1	2.705971e-04	1909946179	1.668055e-06	2.558488e-04	1037584679	6.582497e-05	
6.334902e+04	1	2.573938e-04	870896792	7.541574e-07	1.950062e-04	1134175585	6.582497e-05	
6.586504e+04	1	9.715326e-05	1023377729	3.910446e-07	1.547765e-04	810769555	6.582497e-05	
6.645645e+04	1	2.755654e-04	1909946179	1.723919e-06	2.572931e-04	838860310	8.293427e-05	
6.892571e+04	2	1.639889e-05	3012070026	6.565740e-08	8.293427e-05	769686034	6.582497e-05	1842102965	9.068934e-09	1285693762	9.068934e-09	
6.924654e+04	1	2.066750e-04	1023377729	4.567020e-07	1.586475e-04	3012070026	8.752239e-05	
6.972779e+04	1	1.033145e-04	2205180068	5.586351e-08	6.582497e-05	259930472	6.582497e-05	
7.085141e+04	1	9.668287e-05	2759854154	9.945045e-07	2.160101e-04	1211996162	4.234029e-05	
7.288931e+04	1	3.437583e-04	1068020906	9.543279e-04	3.559877e-04	780264402	6.582497e-05	
7.642869e+04	1	1.799060e-04	1023377729	4.846338e-07	1.670714e-04	1493201942	6.582497e-05	
7.691661e+04	1	4.390576e-05	858471941	4.398750e-07	1.576907e-04	770580294	8.293427e-05	
7.804128e+04	1	1.798951e-04	2759854154	1.002052e-06	2.165510e-04	3321237907	4.255551e-05	
8.010960e+04	1	6.613323e-05	1963165541	8.379527e-08	8.293427e-05	3197676583	6.582497e-05	
8.303664e+04	1	1.243686e-04	2074240873	5.586351e-08	6.582497e-05	1661091397	6.582497e-05	
8.380862e+04	1	1.334404e-04	1963165541	1.117270e-07	9.493603e-05	869234806	6.582497e-05	
8.855287e+04	1	1.964331e-04	1023377729	5.963608e-07	1.704103e-04	1963165541	1.044906e-04	
9.294260e+04	1	3.243647e-04	2759854154	1.383523e-06	2.170974e-04	3037779432	1.573422e-04	
1.012280e+05	2	1.672498e-05	754869367	1.037382e-07	8.293427e-05	2074240873	8.293427e-05	1078741991	7.988813e-09	
1.020401e+05	1	3.867182e-05	3519923770	8.379527e-08	8.293427e-05	1206764858	6.582497e-05	
1.029491e+05	2	5.958008e-05	754869367	1.196150e-07	1.019383e-04	2681375347	6.582497e-05	2723643411	1.205493e-08	
1.052363e+05	1	1.233084e-04	3471981902	3.351811e-07	1.463934e-04	300193622	6.582497e-05	
1.111109e+05	1	1.195253e-04	3462747	5.586351e-08	6.582497e-05	2856850640	6.582497e-05	
1.197785e+05	1	2.052100e-04	2598678774	3.072493e-07	1.418156e-04	2455496064	6.582497e-05	
1.252871e+05	1	2.596303e-04	870896792	7.820892e-07	1.974749e-04	3621383820	6.582497e-05	
1.490814e+05	1	1.298996e-04	1664502715	5.586351e-08	6.582497e-05	873214132	6.582497e-05	
1.565697e+05	1	1.776535e-04	1023377729	6.242925e-07	1.826113e-04	2737363250	6.582497e-05	
1.667709e+05	1	1.665943e-04	1909946179	1.731769e-06	2.601338e-04	302486611	4.311733e-05	
1.672618e+05	1	1.655047e-04	3266729976	3.072493e-07	1.418156e-04	2393342300	6.582497e-05	
1.843560e+05	1	3.084386e-04	1023377729	9.036101e-07	1.854189e-04	1876278061	1.418156e-04	
1.966328e+05	1	2.208490e-04	1023377729	9.122274e-07	2.097418e-04	3330100144	4.447840e-05	
2.074491e+05	1	3.195020e-05	858471941	4.678068e-07	1.649938e-04	3475245566	6.582497e-05	
2.236572e+05	0	8.719892e-05	828787466	2.793176e-08	6.582497e-05	858320168	6.582497e-05	
2.278998e+05	1	1.029679e-04	3471981902	3.631128e-07	1.507016e-04	2718413753	6.582497e-05	
2.298841e+05	1	4.605615e-05	870896792	8.100209e-07	1.998834e-04	4046076794	6.582497e-05	
2.358615e+05	1	2.036864e-04	3266729976	3.351811e-07	1.463934e-04	3241671100	6.582497e-05	
2.362603e+05	1	1.014843e-04	1019134040	5.586351e-08	6.582497e-05	6723929	6.582497e-05	
2.410728e+05	1	1.037412e-04	1019134040	8.379527e-08	8.293427e-05	482917538	6.582497e-05	
2.526852e+05	1	1.367458e-04	3519923770	1.117270e-07	9.493603e-05	636961411	6.582497e-05	
2.541515e+05	2	5.855739e-05	888311950	3.612066e-08	6.582497e-05	3736601249	6.582497e-05	1804212609	9.871428e-09	438292632	9.871428e-09	
2.746992e+05	1	1.478920e-04	3160176677	3.072493e-07	1.418156e-04	3497999925	6.582497e-05	
2.785761e+05	1	2.189865e-04	455065046	3.351811e-07	1.418156e-04	2937387076	8.293427e-05	
2.790947e+05	2	1.013613e-04	290926289	6.804180e-08	8.293427e-05	3555679070	6.582497e-05	2001290253	6.982939e-09	3147695692	8.770527e-09	
2.872247e+05	1	1.812269e-04	2265530791	3.072493e-07	1.418156e-04	164438789	6.582497e-05	
2.880173e+05	1	4.191415e-05	858471941	4.748399e-07	1.684147e-04	15308464	4.156617e-05	
3.143413e+05	1	5.969984e-05	3279231079	5.586351e-08	6.582497e-05	2906924538	6.582497e-05	
3.207848e+05	1	1.075066e-04	3680235706	3.351811e-07	1.463934e-04	331336395	6.582497e-05	
3.507178e+05	1	1.169009e-04	1023377729	9.209980e-07	2.104064e-04	3147695692	4.474039e-05	
3.544462e+05	1	2.437039e-04	1023377729	1.032725e-06	2.110786e-04	3519923770	1.044906e-04	
3.569853e+05	1	1.693214e-04	754869367	1.475468e-07	1.068940e-04	862710978	6.582497e-05	
3.697743e+05	1	1.301234e-04	1986278615	5.586351e-08	6.582497e-05	511603307	6.582497e-05	
3.712303e+05	4	4.030205e-05	2710766136	6.982939e-09	6.582497e-05	598947138	6.582497e-05	3179285865	6.982939e-09	2173231515	6.982939e-09	740082705	6.982939e-09	2795063678	6.982939e-09	3642829293	6.982939e-09	2707128518	6.982939e-09	474866315	6.982939e-09	
3.769313e+05	1	8.244651e-05	3257166052	3.592057e-08	6.582497e-05	1078741991	4.336959e-05	
3.902174e+05	1	4.348367e-05	1986278615	8.379527e-08	8.293427e-05	732124878	6.582497e-05	
4.053200e+05	2	5.355446e-05	290926289	1.136266e-07	8.856930e-05	1347872676	8.293427e-05	1639799867	1.027876e-08	
4.460454e+05	2	1.953148e-04	870896792	8.302524e-07	2.022352e-04	725558489	6.582497e-05	1026028388	7.700331e-09	
4.488724e+05	1	2.494853e-04	1023377729	1.041794e-06	2.192903e-04	1285693762	4.524216e-05	
4.506462e+05	1	2.456651e-04	1023377729	1.048777e-06	2.199304e-04	2001290253	4.146713e-05	
4.567214e+05	1	6.331302e-05	455065046	3.421640e-07	1.507016e-04	2795063678	4.146713e-05	
4.713275e+05	1	1.733456e-04	1909946179	1.739469e-06	2.605281e-04	1026028388	4.284114e-05	
4.826946e+05	1	1.327369e-04	2598678774	3.351811e-07	1.463934e-04	3084497907	6.582497e-05	
4.927683e+05	1	9.132346e-05	3823986536	4.189763e-07	1.586475e-04	1415695418	6.582497e-05	
4.993532e+05	1	1.414299e-04	870896792	8.581841e-07	2.039050e-04	2263814062	6.582497e-05	
5.415288e+05	1	1.482764e-04	2205180068	8.379527e-08	8.293427e-05	3126241903	6.582497e-05	
5.428200e+05	1	1.192868e-04	921425487	5.586351e-08	6.582497e-05	739080713	6.582497e-05	
5.594743e+05	1	1.943994e-04	1023377729	1.076709e-06	2.204207e-04	3428193420	6.582497e-05	
5.917762e+05	2	1.687232e-04	870896792	9.974949e-07	2.061665e-04	754869367	1.146396e-04	1128056158	8.236064e-09	
5.959275e+05	1	2.054446e-04	870896792	1.005731e-06	2.167678e-04	1128056158	4.381248e-05	
5.971140e+05	1	1.130895e-04	2178051842	5.586351e-08	6.582497e-05	858320168	6.582497e-05	
6.137479e+05	1	2.196318e-04	3471981902	3.990334e-07	1.547765e-04	3257166052	7.158230e-05	
6.318322e+05	1	1.795320e-04	2598678774	3.421640e-07	1.507016e-04	2173231515	4.146713e-05	
6.336268e+05	1	2.278452e-05	916523109	5.586351e-08	6.582497e-05	3889879026	6.582497e-05	
6.825265e+05	1	1.950470e-04	290926289	2.253536e-07	1.050795e-04	3933289935	1.044906e-04	
7.317037e+05	1	1.229387e-04	3823986536	4.259593e-07	1.623383e-04	3179285865	4.146713e-05	
7.407018e+05	1	2.514141e-04	3680235706	6.144986e-07	1.507016e-04	4126262021	1.418156e-04	
7.415109e+05	1	1.117507e-04	1458432161	5.586351e-08	6.582497e-05	2125112500	6.582497e-05	
7.944898e+05	1	3.132924e-04	3680235706	8.938162e-07	1.844442e-04	3005854249	1.418156e-04	
7.952557e+05	1	7.669474e-03	373638573	1.000000e+00	1.000000e-02	740082705	4.146713e-05	
8.045103e+05	1	2.033164e-04	1023377729	1.160504e-06	2.223603e-04	2205180068	9.493603e-05	
8.192636e+05	1	2.692620e-04	1023377729	1.188436e-06	2.279853e-04	211811971	6.582497e-05	
8.238920e+05	1	9.516898e-05	2956861855	5.586351e-08	6.582497e-05	2528553283	6.582497e-05	
8.365607e+05	1	2.252275e-04	3823986536	4.538910e-07	1.632353e-04	1458665800	6.582497e-05	
8.445745e+05	1	1.533941e-04	455065046	3.700958e-07	1.517409e-04	825415804	6.582497e-05	
8.723969e+05	1	8.751181e-05	3908154577	3.821052e-08	6.582497e-05	1639799867	4.717062e-05	
8.857270e+05	1	1.989779e-04	1068020906	9.543559e-04	3.559912e-04	1586980658	6.582497e-05	
8.899332e+05	1	1.294967e-04	870896792	1.017786e-06	2.173628e-04	2723643411	4.974463e-05	
9.405089e+05	1	5.295058e-03	373638573	1.000000e+00	1.000000e-02	3824069879	6.582497e-05	
9.673472e+05	1	1.316617e-04	3266729976	3.631128e-07	1.507016e-04	443746396	6.582497e-05	
9.984369e+05	1	1.145710e-04	3443220506	5.586351e-08	6.582497e-05	3707189490	6.582497e-05	
1.000007e+06	1	5.844285e-05	2859795595	5.586351e-08	6.582497e-05	778035964	6.582497e-05	
1.062854e+06	1	8.451602e-05	455065046	3.980275e-07	1.557624e-04	2757833455	6.582497e-05	
1.111254e+06	1	1.291118e-04	888311950	6.405241e-08	7.171497e-05	870323177	6.582497e-05	
1.149440e+06	1	1.353252e-04	3823986536	4.818228e-07	1.667280e-04	4028593304	6.582497e-05	
1.202729e+06	1	1.094528e-04	870896792	1.073649e-06	2.182278e-04	251961497	8.293427e-05	
1.215931e+06	1	1.906070e-04	3471981902	4.081023e-07	1.597206e-04	1842102965	4.524216e-05	
1.246568e+06	1	1.889336e-04	3160176677	3.713017e-07	1.463934e-04	888311950	8.680334e-05	
1.255030e+06	1	1.045669e-04	921425487	6.573494e-08	8.293427e-05	438292632	4.653909e-05	
1.346032e+06	1	2.700965e-04	3680235706	9.217480e-07	2.089813e-04	2451350669	6.582497e-05	
1.422889e+06	2	5.246235e-05	3443220506	7.080131e-08	8.293427e-05	916523109	8.293427e-05	2909632847	8.185144e-09	937177227	8.185144e-09	3393811039	8.185144e-09	611212867	8.185144e-09	1104410542	8.185144e-09	
1.477688e+06	1	1.637842e-04	3919026803	1.459792e-07	9.156328e-05	3443220506	8.975080e-05	
1.494650e+06	1	6.277268e-05	1379399837	3.611690e-08	6.582497e-05	3393811039	4.372200e-05	
1.519089e+06	1	3.694395e-05	3823986536	4.900079e-07	1.700802e-04	2909632847	4.372200e-05	
1.543088e+06	3	1.540216e-04	858471941	3.734904e-07	1.692545e-04	3462747	8.293427e-05	2328232000	7.146044e-09	2999719241	7.146044e-09	1931993247	7.146044e-09	1494850122	7.146044e-09	3414514926	7.146044e-09	2312786130	7.146044e-09	3537925318	7.146044e-09	1634407402	7.146044e-09	3869596591	7.146044e-09	3375523036	7.146044e-09	772925454	7.146044e-09	2215785330	7.146044e-09	3491092596	7.146044e-09	57770090	7.146044e-09	3071577057	7.146044e-09	1452489764	7.146044e-09	4260098875	7.146044e-09	3696843781	7.146044e-09	2138100036	7.146044e-09	1726701215	7.146044e-09	1412415798	7.146044e-09	375852842	7.146044e-09	
1.543103e+06	1	5.642385e-05	3696843781	1.429209e-08	4.178751e-05	772925454	4.178751e-05	
1.543171e+06	1	1.324069e-04	858471941	3.806364e-07	1.562372e-04	57770090	4.178751e-05	
1.543205e+06	1	4.637105e-05	2999719241	1.429209e-08	4.178751e-05	2328232000	4.178751e-05	
1.553867e+06	1	1.913348e-04	3823986536	7.153615e-07	1.710379e-04	290926289	1.320219e-04	
1.559217e+06	1	8.503029e-05	911013108	3.507780e-08	6.582497e-05	2138100036	4.178751e-05	
1.563065e+06	1	5.846135e-05	937177227	1.533119e-08	4.372200e-05	1931993247	4.178751e-05	
1.626408e+06	1	4.423549e-05	1023377729	1.195582e-06	2.297999e-04	1494850122	4.178751e-05	
1.758303e+06	3	3.676948e-05	3357643131	2.631357e-08	6.582497e-05	3696843781	5.264896e-05	3593732192	7.955135e-09	3888264012	7.955135e-09	
1.793479e+06	1	1.677147e-04	3680235706	9.288940e-07	2.111359e-04	3375523036	4.178751e-05	
1.796959e+06	1	2.469329e-05	1023377729	1.202728e-06	2.302596e-04	3414514926	4.178751e-05	
1.825331e+06	1	8.115508e-05	2598678774	3.700958e-07	1.517409e-04	2406269022	6.582497e-05	
1.850567e+06	1	1.281489e-04	3823986536	7.225076e-07	1.940289e-04	1412415798	4.178751e-05	
1.878270e+06	2	2.767925e-04	2759854154	1.738023e-06	2.417427e-04	416783067	1.558256e-04	313359544	6.982939e-09	217284033	9.062857e-09	
1.878315e+06	1	1.468286e-04	2759854154	1.747086e-06	2.608414e-04	217284033	4.523205e-05	
1.883553e+06	1	1.726744e-04	2759854154	1.754069e-06	2.612940e-04	313359544	4.146713e-05	
1.903999e+06	1	2.016097e-04	2598678774	3.980275e-07	1.557624e-04	925199572	6.582497e-05	
1.910286e+06	1	2.867426e-04	870896792	1.129513e-06	2.221495e-04	1458432161	8.293427e-05	
1.918778e+06	1	2.208709e-04	3160176677	6.506193e-07	1.559314e-04	1268960050	1.418156e-04	
1.966223e+06	1	2.038910e-04	3680235706	1.012689e-06	2.116801e-04	1019134040	9.493603e-05	
2.026626e+06	1	1.655320e-04	3823986536	8.684868e-07	1.946729e-04	3919026803	1.142321e-04	
2.254512e+06	1	2.736038e-04	1023377729	1.240938e-06	2.307174e-04	3908154577	7.307221e-05	
2.277626e+06	1	1.164450e-04	3680235706	1.096485e-06	2.178629e-04	1986278615	9.493603e-05	
2.419355e+06	1	9.515558e-05	3680235706	1.124416e-06	2.237134e-04	197654791	6.582497e-05	
2.438642e+06	1	9.590802e-03	373638573	1.000000e+00	1.000000e-02	1533953788	6.582497e-05	
2.593185e+06	4	7.013805e-05	1664502715	6.982939e-09	8.293427e-05	1156624510	6.582497e-05	2151269300	6.982939e-09	3913511150	6.982939e-09	2962530363	6.982939e-09	2063946235	6.982939e-09	1172086036	6.982939e-09	690117576	6.982939e-09	3288380490	6.982939e-09	845665321	6.982939e-09	3122982648	6.982939e-09	1471982444	6.982939e-09	3303338876	6.982939e-09	
2.605148e+06	1	1.729724e-04	3680235706	1.131399e-06	2.255972e-04	845665321	4.146713e-05	
2.630832e+06	1	1.472504e-04	1023377729	1.267252e-06	2.331353e-04	3357643131	6.452845e-05	
2.636745e+06	3	6.507977e-05	2215785330	7.309149e-09	4.178751e-05	3537925318	4.178751e-05	2875471576	6.982939e-09	
2.700713e+06	3	4.429963e-05	257754683	1.238031e-08	6.582497e-05	1664502715	4.146713e-05	1738909006	7.511463e-09	356405251	7.511463e-09	2879167783	7.511463e-09	
2.740641e+06	1	9.628128e-05	3680235706	1.139584e-06	2.260632e-04	1104410542	4.372200e-05	
2.842901e+06	1	1.632311e-04	3823986536	8.756328e-07	2.069882e-04	1634407402	4.178751e-05	
2.866028e+06	4	7.746198e-05	3279231079	6.982939e-09	8.293427e-05	3736894086	6.582497e-05	3083352544	6.982939e-09	4198169764	6.982939e-09	821115011	6.982939e-09	2118016430	6.982939e-09	1945735688	6.982939e-09	4093093422	6.982939e-09	2842015324	6.982939e-09	1249238030	6.982939e-09	3214077756	6.982939e-09	879162223	6.982939e-09	3884425642	6.982939e-09	
2.869380e+06	1	1.060380e-04	3709881891	3.588689e-08	6.582497e-05	3888264012	4.330856e-05	
2.953725e+06	1	8.567108e-05	3160176677	6.576022e-07	1.879895e-04	2842015324	4.146713e-05	
3.031118e+06	1	2.527785e-04	3823986536	9.035646e-07	2.075544e-04	2261252686	6.582497e-05	
3.034277e+06	1	1.961724e-04	3823986536	9.314964e-07	2.097383e-04	3774459889	6.582497e-05	
3.095894e+06	1	9.126237e-03	373638573	1.000000e+00	1.000000e-02	2962530363	4.146713e-05	
3.115147e+06	1	9.595236e-05	1379399837	4.326294e-08	7.171248e-05	1452489764	4.178751e-05	
3.199239e+06	1	7.835762e-05	2429525676	3.611690e-08	6.582497e-05	611212867	4.372200e-05	
3.236694e+06	1	2.426967e-04	3823986536	9.594281e-07	2.118776e-04	501991070	6.582497e-05	
3.306949e+06	3	5.161123e-05	375852842	7.309149e-09	4.178751e-05	3071577057	4.178751e-05	1149406307	6.982939e-09	
3.411708e+06	2	7.685377e-05	3471981902	4.145118e-07	1.609216e-04	953296898	6.582497e-05	3528332227	7.174108e-09	4004407106	7.174108e-09	451270221	7.174108e-09	
3.418744e+06	1	1.797532e-04	3471981902	4.216859e-07	1.617597e-04	3528332227	4.184214e-05	
3.457390e+06	2	6.988667e-05	2429525676	3.886637e-08	7.171248e-05	2999719241	5.264896e-05	3149440925	1.154262e-08	
3.542410e+06	3	3.558843e-05	1379399837	3.734989e-08	7.616053e-05	3869596591	4.178751e-05	2250775120	1.305910e-08	
3.935967e+06	1	5.087996e-05	879162223	1.396588e-08	4.146713e-05	821115011	4.146713e-05		
3.936386e+06	1	1.157427e-04	921425487	9.366670e-08	8.755683e-05	1434498202	6.582497e-05		
3.947744e+06	1	9.404763e-03	373638573	1.000000e+00	1.000000e-02	1471982444	4.146713e-05		
4.040963e+06	1	1.503846e-04	2598678774	4.078990e-07	1.595863e-04	1804212609	4.653909e-05		
4.135426e+06	1	9.942240e-03	373638573	1.000000e+00	1.000000e-02	129185354	6.582497e-05		
4.221576e+06	1	2.283686e-04	1023377729	1.275207e-06	2.347716e-04	3593732192	4.330856e-05	
4.277815e+06	1	1.000247e-04	790319072	3.524091e-08	6.582497e-05	375852842	4.146713e-05	
4.278812e+06	3	1.485376e-04	3160176677	2.113450e-07	1.886596e-04	2598678774	1.608948e-04	1130108289	7.001281e-09	2177968201	7.001281e-09	2914302410	7.001281e-09	3655816389	7.001281e-09	3485819286	7.001281e-09	1382686479	7.001281e-09	1803925302	7.001281e-09	3293059020	7.001281e-09	378125977	7.001281e-09	2159618959	7.001281e-09	2441325815	7.001281e-09	3401497744	7.001281e-09	4069401935	7.001281e-09	134948105	7.001281e-09	1998372786	7.001281e-09	2455922112	7.001281e-09	3059103076	7.001281e-09	432337108	7.001281e-09	1902671923	7.001281e-09	4209590891	7.001281e-09	77395223	7.001281e-09	3592986772	7.001281e-09	1246511018	7.001281e-09	3986570268	7.001281e-09	174500547	7.001281e-09	4083845756	7.001281e-09	110358663	7.001281e-09	1370908750	7.001281e-09	1837234470	7.001281e-09	2945849429	7.001281e-09	66296937	7.001281e-09	976558236	7.001281e-09	2438291630	7.001281e-09	906368509	7.001281e-09	3783228500	7.001281e-09	2858952728	7.001281e-09	395113485	7.001281e-09	4019363830	7.001281e-09	3016084464	7.001281e-09	921818415	7.001281e-09	2892683898	7.001281e-09	3697249003	7.001281e-09	3983774618	7.001281e-09	4187488967	7.001281e-09	898751805	7.001281e-09	3632514288	7.001281e-09	410848061	7.001281e-09	2791633391	7.001281e-09	630280293	7.001281e-09	4212779140	7.001281e-09	3459374364	7.001281e-09	2125331604	7.001281e-09	3113062634	7.001281e-09	847040419	7.001281e-09	4240624600	7.001281e-09	1565786989	7.001281e-09	2286860921	7.001281e-09	3707879645	7.001281e-09	2746930994	7.001281e-09	4075596975	7.001281e-09	4283280385	7.001281e-09	538453177	7.001281e-09	3121292019	7.001281e-09	3349724438	7.001281e-09	4253718737	7.001281e-09	3297362622	7.001281e-09	1751902433	7.001281e-09	2878871175	7.001281e-09	3083717413	7.001281e-09	220564665	7.001281e-09	3653734512	7.001281e-09	3815024321	7.001281e-09	1428265047	7.001281e-09	3604532305	7.001281e-09	1869365069	7.001281e-09	965372172	7.001281e-09	607396504	7.001281e-09	2533881277	7.001281e-09	472358284	7.001281e-09	1950077488	7.001281e-09	1820499179	7.001281e-09	4055959668	7.001281e-09	528880979	7.001281e-09	3778036871	7.001281e-09	1405660995	7.001281e-09	3662110242	7.001281e-09	2247026945	7.001281e-09	4032129539	7.001281e-09	4035587434	7.001281e-09	3111692719	7.001281e-09	1398579088	7.001281e-09	2501379955	7.001281e-09	3332562587	7.001281e-09	3562383954	7.001281e-09	2521380987	7.001281e-09	4119421155	7.001281e-09	1913762779	7.001281e-09	3678948817	7.001281e-09	2489195127	7.001281e-09	3929228125	7.001281e-09	3160344427	7.001281e-09	3182159117	7.001281e-09	766581564	7.001281e-09	3702894340	7.001281e-09	3532745758	7.001281e-09	1072840122	7.001281e-09	3294683754	7.001281e-09	1676003954	7.001281e-09	4285585893	7.001281e-09	2674988631	7.001281e-09	406745133	7.001281e-09	2883513480	7.001281e-09	783121895	7.001281e-09	2683944377	7.001281e-09	2961226102	7.001281e-09	301219709	7.001281e-09	1743198400	7.001281e-09	3059144981	7.001281e-09	3952655669	7.001281e-09	2848685905	7.001281e-09	1826422368	7.001281e-09	896813269	7.001281e-09	
4.278813e+06	1	8.887240e-06	528880979	1.400256e-08	4.150341e-05	4055959668	4.150341e-05	
4.278813e+06	1	5.345375e-06	2501379955	1.400256e-08	4.150341e-05	1398579088	4.150341e-05	
4.278813e+06	1	1.669101e-05	77395223	1.400256e-08	4.150341e-05	4209590891	4.150341e-05	
4.278813e+06	1	1.777718e-05	1405660995	1.400256e-08	4.150341e-05	3778036871	4.150341e-05	
4.278813e+06	1	7.611984e-06	3562383954	1.400256e-08	4.150341e-05	3332562587	4.150341e-05	
4.278813e+06	1	8.516092e-06	976558236	1.400256e-08	4.150341e-05	66296937	4.150341e-05	
4.278813e+06	1	3.098324e-05	1246511018	1.400256e-08	4.150341e-05	3592986772	4.150341e-05	
4.278813e+06	1	3.562834e-05	1950077488	1.400256e-08	4.150341e-05	472358284	4.150341e-05	
4.278813e+06	1	2.020845e-05	4035587434	1.400256e-08	4.150341e-05	4032129539	4.150341e-05	
4.278813e+06	1	6.497800e-05	432337108	1.400256e-08	4.150341e-05	3059103076	4.150341e-05	
4.278813e+06	1	6.151503e-05	906368509	1.400256e-08	4.150341e-05	2438291630	4.150341e-05	
4.278813e+06	1	5.808550e-05	1837234470	1.400256e-08	4.150341e-05	1370908750	4.150341e-05	
4.278815e+06	1	7.601735e-05	4083845756	1.400256e-08	4.150341e-05	174500547	4.150341e-05	
4.279165e+06	1	8.055241e-05	2177968201	1.400256e-08	4.150341e-05	1130108289	4.150341e-05	
4.279539e+06	1	2.769417e-05	2286860921	1.400256e-08	4.150341e-05	3113062634	4.150341e-05	
4.288341e+06	1	4.155006e-05	2177968201	2.100384e-08	5.229102e-05	607396504	4.150341e-05	
4.294601e+06	1	2.216612e-04	2759854154	1.761052e-06	2.616416e-04	2063946235	4.146713e-05	
4.301188e+06	1	7.621367e-05	4285585893	1.400256e-08	4.150341e-05	3678948817	4.150341e-05	
4.307385e+06	1	7.100510e-05	3983774618	1.400256e-08	4.150341e-05	921818415	4.150341e-05	
4.310394e+06	3	5.822532e-05	1072840122	7.019622e-09	4.150341e-05	4069401935	4.150341e-05	37051273	6.982939e-09	
4.314190e+06	3	3.724982e-05	3709881891	2.952125e-08	7.155992e-05	2312786130	4.178751e-05	1867247157	1.351168e-08	
4.322986e+06	1	1.462072e-04	3160176677	2.183462e-07	1.292276e-04	1826422368	4.150341e-05	
4.328755e+06	1	2.514627e-04	3823986536	9.664294e-07	2.139745e-04	4283280385	4.150341e-05	
4.329123e+06	1	8.313268e-05	2177968201	3.500640e-08	5.985827e-05	528880979	5.229102e-05	
4.337772e+06	1	2.033238e-04	3471981902	4.286872e-07	1.626875e-04	4119421155	4.150341e-05	
4.350977e+06	1	8.881833e-05	4083845756	2.100384e-08	5.229102e-05	2945849429	4.150341e-05	
4.376291e+06	1	1.277970e-04	3680235706	1.153587e-06	2.266071e-04	77395223	5.229102e-05	
4.395410e+06	4	4.936494e-05	3114612365	6.982939e-09	6.582497e-05	4212779140	4.150341e-05	3633199892	6.987525e-09	1736323711	6.987525e-09	283080478	6.987525e-09	785216844	6.987525e-09	
4.430564e+06	1	2.502163e-04	3680235706	1.160574e-06	2.275314e-04	1736323711	4.147621e-05	
4.432758e+06	3	2.887222e-05	1837234470	1.277750e-08	5.229102e-05	3952655669	4.150341e-05	3006103420	8.226344e-09	
4.459226e+06	1	7.821534e-05	2674988631	1.400256e-08	4.150341e-05	1869365069	4.150341e-05	
4.461595e+06	1	1.209933e-04	1023377729	1.312557e-06	2.352618e-04	1379399837	7.251943e-05	
4.465643e+06	1	1.814022e-04	858471941	3.876377e-07	1.572273e-04	3111692719	4.150341e-05	
4.468357e+06	1	1.681072e-04	3823986536	9.794885e-07	2.144937e-04	2250775120	5.108919e-05	
4.485833e+06	3	7.194588e-05	2848685905	7.019622e-09	4.150341e-05	3662110242	4.150341e-05	2898323513	6.982939e-09	
4.513475e+06	1	1.158765e-04	3160176677	2.253475e-07	1.306391e-04	110358663	4.150341e-05	
4.523965e+06	4	4.944026e-05	3294683754	7.001281e-09	4.150341e-05	3288380490	4.146713e-05	1199222225	6.982939e-09	
4.527731e+06	1	2.486235e-04	870896792	1.136514e-06	2.259375e-04	4253718737	4.150341e-05	
4.528404e+06	1	2.279481e-04	1909946179	1.746471e-06	2.609137e-04	3783228500	4.150341e-05	
4.537767e+06	1	1.019042e-04	3471981902	4.358613e-07	1.635830e-04	451270221	4.184214e-05	
4.543832e+06	1	7.878752e-05	3471981902	4.440876e-07	1.644904e-04	3006103420	4.379524e-05	
4.551599e+06	1	6.967688e-05	2489195127	1.400256e-08	4.150341e-05	4187488967	4.150341e-05	
4.561887e+06	1	7.189361e-05	3294683754	1.398422e-08	4.146713e-05	1199222225	4.146713e-05	
4.572965e+06	4	1.905961e-05	3532745758	7.019622e-09	4.150341e-05	1428265047	4.150341e-05	3755198008	6.982939e-09	
4.585094e+06	1	9.674690e-05	3865200818	7.388585e-07	1.955090e-04	2892683898	4.150341e-05	
4.587155e+06	4	5.755408e-05	896813269	7.019622e-09	4.150341e-05	3655816389	4.150341e-05	2795041644	6.982939e-09	
4.590243e+06	1	1.291541e-04	3823986536	9.934911e-07	2.154556e-04	3983774618	5.229102e-05	
4.594725e+06	1	8.057798e-05	3149440925	1.852556e-08	4.902972e-05	2795041644	4.146713e-05	
4.606488e+06	1	9.628844e-03	373638573	1.000000e+00	1.000000e-02	406745133	4.150341e-05	
4.624504e+06	1	3.550708e-05	870896792	1.143515e-06	2.264034e-04	4019363830	4.150341e-05	
4.632677e+06	4	5.682238e-05	1405660995	6.982939e-09	5.229102e-05	3160344427	4.150341e-05	3492274228	7.010451e-09	1420914473	7.010451e-09	
4.644501e+06	1	5.923938e-05	1023377729	1.319540e-06	2.375367e-04	2118016430	4.146713e-05	
4.665087e+06	1	2.237986e-04	870896792	1.157518e-06	2.268673e-04	2286860921	5.229102e-05	
4.697245e+06	1	2.199855e-04	1909946179	1.753472e-06	2.612633e-04	2858952728	4.150341e-05	
4.698987e+06	4	2.370919e-05	3491092596	7.164386e-09	4.178751e-05	1676003954	4.150341e-05	439844059	6.982939e-09	
4.708453e+06	1	2.571986e-04	870896792	1.164519e-06	2.277896e-04	3016084464	4.150341e-05	
4.733097e+06	1	1.908696e-04	3823986536	1.000492e-06	2.164774e-04	395113485	4.150341e-05	
4.741641e+06	1	8.095192e-05	2215785330	1.431043e-08	4.146713e-05	1803925302	4.150341e-05	
4.764933e+06	1	1.460437e-04	858471941	3.946207e-07	1.581855e-04	1405660995	4.146713e-05	
4.769355e+06	1	1.079075e-04	1023377729	1.326541e-06	2.379571e-04	2914302410	4.150341e-05	
4.772053e+06	4	3.418070e-05	3459374364	7.019622e-09	4.150341e-05	3697249003	4.150341e-05	3802520055	6.982939e-09	
4.776418e+06	1	2.312770e-04	1023377729	1.333552e-06	2.383773e-04	1420914473	4.152152e-05	
4.806450e+06	1	1.015976e-04	1909946179	1.760473e-06	2.616119e-04	2125331604	4.150341e-05	
4.822656e+06	3	8.252797e-05	2178051842	4.347277e-08	8.293427e-05	1913762779	4.150341e-05	3012889883	9.696011e-09	3363823620	9.696011e-09	
4.881564e+06	4	4.466133e-05	4285585893	6.982939e-09	5.229102e-05	4093093422	4.146713e-05	1086559163	7.001281e-09	3063534263	7.001281e-09	
4.924427e+06	1	2.900450e-04	1909946179	1.774476e-06	2.619596e-04	906368509	5.229102e-05	
4.930225e+06	1	1.029665e-04	3823986536	1.030014e-06	2.169847e-04	3709881891	6.705063e-05	
4.939019e+06	1	2.493171e-04	1909946179	1.781477e-06	2.626523e-04	3293059020	4.150341e-05	
4.939827e+06	1	2.151775e-04	870896792	1.171521e-06	2.282479e-04	2961226102	4.150341e-05	
4.981502e+06	3	6.615085e-05	2409063466	7.611042e-09	6.582497e-05	3532745758	4.146713e-05	2013640095	9.113446e-09	1461359102	9.113446e-09	2027098952	9.113446e-09	
4.993981e+06	1	6.861356e-05	3823986536	1.039710e-06	2.190982e-04	3363823620	4.626177e-05	
5.032468e+06	1	2.105545e-04	1023377729	1.340553e-06	2.387964e-04	3401497744	4.150341e-05	
5.039834e+06	1	8.445815e-05	3149440925	2.552684e-08	5.740482e-05	3632514288	4.150341e-05	
5.069509e+06	4	5.055441e-05	790319072	6.982939e-09	7.112795e-05	3653734512	4.150341e-05	4167430602	7.051849e-09	4096225443	7.051849e-09	781549661	7.051849e-09	907719639	7.051849e-09	1906851972	7.051849e-09	252	
5.080264e+06	3	6.665109e-05	879162223	6.982939e-09	5.224531e-05	4096225443	4.160309e-05	2597880038	7.017394e-09	1896745001	7.017394e-09	
5.081949e+06	1	9.791501e-05	2429525676	4.797982e-08	7.348791e-05	1461359102	4.531606e-05	
5.090056e+06	1	1.859236e-04	1023377729	1.347554e-06	2.392136e-04	538453177	4.150341e-05	
5.094777e+06	1	7.134036e-05	3823986536	1.046693e-06	2.197836e-04	3755198008	4.146713e-05	
5.101561e+06	1	2.370484e-04	3823986536	1.053675e-06	2.202745e-04	3802520055	4.146713e-05	
5.136428e+06	1	1.103429e-04	1878784256	5.586351e-08	6.582497e-05	3326748277	6.582497e-05	
5.137384e+06	4	3.062258e-05	896813269	7.037964e-09	4.146713e-05	3986570268	4.150341e-05	2378434411	6.982939e-09	
5.140615e+06	1	2.324290e-04	3680235706	1.174577e-06	2.279899e-04	3562383954	5.229102e-05	255	
5.160672e+06	1	7.517005e-05	2597880038	1.401867e-08	4.153522e-05	1820499179	4.150341e-05	255	
5.165402e+06	1	2.681993e-04	3680235706	1.181629e-06	2.289031e-04	1906851972	4.160309e-05	255	
5.230580e+06	4	5.135752e-05	3707879645	7.019622e-09	4.150341e-05	847040419	4.150341e-05	1837088337	6.982939e-09	
5.230796e+06	1	8.280034e-05	3680235706	1.195631e-06	2.293603e-04	2674988631	5.229102e-05	
5.237392e+06	1	5.250370e-05	858471941	4.016381e-07	1.591297e-04	1896745001	4.153522e-05	
5.269671e+06	2	1.757453e-04	1909946179	1.786338e-06	2.629973e-04	432337108	5.229102e-05	1543523724	9.141108e-09	
5.270561e+06	1	9.063314e-03	373638573	1.000000e+00	1.000000e-02	3122982648	4.146713e-05	
5.298699e+06	1	1.352435e-04	3865200818	7.479996e-07	1.961304e-04	1543523724	4.536186e-05	
5.348282e+06	2	2.565540e-04	3823986536	1.254342e-06	2.207633e-04	3160176677	1.320207e-04	1761715697	6.982939e-09	3099973400	8.848984e-09	2789348510	8.848984e-09	
5.357618e+06	3	5.993569e-05	3707879645	7.037964e-09	4.146713e-05	2791633391	4.150341e-05	1371202285	6.982939e-09	
5.369096e+06	1	1.111697e-04	1023377729	1.354728e-06	2.396293e-04	4004407106	4.184214e-05	
5.387805e+06	1	1.175564e-04	2429525676	5.498110e-08	7.883349e-05	3297362622	4.150341e-05	
5.398632e+06	1	2.942742e-04	1909946179	1.793340e-06	2.632363e-04	1743198400	4.150341e-05	
5.416649e+06	1	1.712803e-04	3823986536	1.261325e-06	2.339717e-04	1761715697	4.146713e-05	
5.458708e+06	1	2.988594e-05	858471941	4.086393e-07	1.600674e-04	378125977	4.150341e-05	
5.493030e+06	1	2.847181e-04	2759854154	1.768053e-06	2.619884e-04	134948105	4.150341e-05	
5.499511e+06	1	1.741915e-04	3680235706	1.202614e-06	2.302628e-04	2875471576	4.146713e-05	
5.501781e+06	1	7.563387e-05	1371202285	1.396588e-08	4.139477e-05	690117576	4.146713e-05	
5.507908e+06	1	9.558860e-03	373638573	1.000000e+00	1.000000e-02	2878871175	4.150341e-05	
5.534693e+06	1	1.724799e-05	1023377729	1.367506e-06	2.400538e-04	1837234470	5.071929e-05	
5.584577e+06	1	2.457796e-04	2759854154	1.775055e-06	2.623351e-04	2883513480	4.150341e-05	
5.630734e+06	1	9.492860e-05	1023377729	1.374507e-06	2.408062e-04	2441325815	4.150341e-05	
5.653432e+06	1	2.878424e-04	1909946179	1.800341e-06	2.635798e-04	2159618959	4.150341e-05	
5.677563e+06	1	2.817027e-04	1023377729	1.395511e-06	2.412164e-04	4083845756	5.985827e-05	
5.685450e+06	1	5.377652e-05	3680235706	1.209597e-06	2.307102e-04	1837088337	4.146713e-05	
5.729546e+06	4	3.267692e-05	410848061	7.005866e-09	4.150341e-05	283080478	4.147621e-05	629078091	6.982939e-09	
5.757387e+06	1	2.604704e-04	1909946179	1.807342e-06	2.639224e-04	3702894340	4.150341e-05	
5.823585e+06	4	4.330533e-05	2489195127	6.982939e-09	5.229102e-05	2898323513	4.146713e-05	754560055	7.001281e-09	1737134642	7.001281e-09	
5.831780e+06	1	2.136035e-04	1909946179	1.814343e-06	2.642640e-04	1998372786	4.150341e-05	
5.858290e+06	3	9.722930e-05	2178051842	3.646366e-08	7.628346e-05	2013640095	4.531606e-05	37613351	8.061278e-09	3434666020	8.061278e-09	
5.871425e+06	1	2.033367e-04	1023377729	1.409513e-06	2.424389e-04	2501379955	5.229102e-05	
5.918171e+06	1	2.691146e-04	1023377729	1.416496e-06	2.432471e-04	1149406307	4.146713e-05	
5.977002e+06	1	2.448379e-04	870896792	1.180634e-06	2.287044e-04	2027098952	4.531606e-05	
5.989473e+06	1	3.211146e-04	2759854154	1.802986e-06	2.626809e-04	3988949870	6.582497e-05	
6.026498e+06	1	1.118624e-04	3680235706	1.244675e-06	2.311558e-04	911013108	7.101804e-05	
6.056774e+06	4	6.660859e-05	937177227	6.982939e-09	5.389517e-05	1902671923	4.150341e-05	2369258877	7.674765e-09	3563522875	7.674765e-09	
6.147159e+06	4	5.514311e-05	3434666020	8.061278e-09	4.350033e-05	790319072	4.146713e-05	249728555	6.982939e-09	
6.171929e+06	1	2.432029e-04	1909946179	1.821354e-06	2.646048e-04	3492274228	4.152152e-05	
6.217511e+06	1	2.727098e-04	3680235706	1.251713e-06	2.333690e-04	896813269	4.139477e-05	
6.284765e+06	2	3.623799e-04	1909946179	2.525650e-06	2.649452e-04	3865200818	1.969360e-04	4285226245	6.982939e-09	2707460946	7.344151e-09	2606325002	7.344151e-09	1541925803	7.344151e-09	2024675612	7.344151e-09	1292023300	7.344151e-09	
6.284790e+06	1	9.330441e-05	1909946179	2.532994e-06	2.954488e-04	2024675612	4.217015e-05	
6.285009e+06	1	1.460412e-04	1909946179	2.539977e-06	2.957349e-04	4285226245	4.146713e-05	
6.285481e+06	1	2.940061e-04	1909946179	2.547321e-06	2.960065e-04	1541925803	4.217015e-05	
6.287466e+06	1	2.504624e-04	1909946179	2.554665e-06	2.962915e-04	2606325002	4.217015e-05	
6.294327e+06	1	1.825756e-04	1909946179	2.562009e-06	2.965759e-04	1292023300	4.217015e-05	
6.350419e+06	1	3.193881e-04	1909946179	2.569354e-06	2.968599e-04	2707460946	4.217015e-05	
6.367790e+06	4	3.728363e-05	1246511018	6.982939e-09	5.229102e-05	3294683754	5.222249e-05	3302973195	7.001281e-09	875106938	7.001281e-09	3314075649	7.001281e-09	
6.421111e+06	4	6.056462e-05	754560055	7.001281e-09	4.150341e-05	439844059	4.146713e-05	2589646060	6.982939e-09	
6.422245e+06	2	2.717450e-04	1023377729	1.794561e-06	2.436481e-04	3471981902	1.655189e-04	3433591204	6.982939e-09	1848242772	7.380032e-09	250719570	7.380032e-09	2681498831	7.380032e-09	481808867	7.380032e-09	2066612683	7.380032e-09	3458484829	7.380032e-09	2719204682	7.380032e-09	4256642775	7.380032e-09	
6.422289e+06	1	8.861205e-05	1023377729	1.801941e-06	2.636396e-04	481808867	4.223871e-05	
6.422420e+06	1	2.859538e-04	1023377729	1.809321e-06	2.640005e-04	2681498831	4.223871e-05	
6.423371e+06	1	1.038538e-05	1023377729	1.816304e-06	2.643604e-04	3433591204	4.146713e-05	
6.426039e+06	1	2.210711e-04	1023377729	1.823684e-06	2.647001e-04	250719570	4.223871e-05	
6.434744e+06	1	1.109037e-04	1023377729	1.831064e-06	2.650581e-04	2066612683	4.223871e-05	
6.443718e+06	1	2.409067e-04	3823986536	1.269386e-06	2.344050e-04	3434666020	4.146713e-05	
6.455872e+06	1	8.641340e-05	1371202285	2.094882e-08	5.215415e-05	3279231079	4.146713e-05	
6.468607e+06	1	1.275933e-04	858471941	4.156406e-07	1.609921e-04	875106938	4.150341e-05	
6.470142e+06	1	1.232276e-04	1023377729	1.838444e-06	2.654152e-04	1848242772	4.223871e-05	
6.474615e+06	1	2.878759e-04	1023377729	1.845824e-06	2.657713e-04	2719204682	4.223871e-05	
6.491955e+06	1	1.561568e-04	3680235706	1.258733e-06	2.338081e-04	3459374364	4.146713e-05	
6.523943e+06	1	2.348094e-04	3680235706	1.265734e-06	2.342443e-04	4075596975	4.150341e-05	
6.622620e+06	1	3.061331e-04	1023377729	1.853204e-06	2.661264e-04	4256642775	4.223871e-05	
6.625925e+06	1	2.421645e-04	870896792	1.235615e-06	2.292959e-04	2429525676	8.249527e-05	
6.790994e+06	1	1.474167e-04	3680235706	1.272735e-06	2.346778e-04	1382686479	4.150341e-05	
6.854069e+06	1	2.657457e-04	3680235706	1.286738e-06	2.351097e-04	976558236	5.229102e-05	
6.863087e+06	4	3.027695e-05	1950077488	6.982939e-09	5.229102e-05	37051273	4.146713e-05	2449448537	7.001281e-09	463844675	7.001281e-09	
6.881977e+06	1	1.328880e-04	1023377729	1.861265e-06	2.664806e-04	37613351	4.350033e-05	
6.884838e+06	1	3.282285e-04	1909946179	2.576355e-06	2.971433e-04	301219709	4.150341e-05	
6.990535e+06	3	1.133932e-04	921425487	9.365993e-08	9.852649e-05	1878784256	8.293427e-05	3167902617	6.983785e-09	579073438	6.983785e-09	3468130899	6.983785e-09	393090083	6.983785e-09	2343849308	6.983785e-09	1055469694	6.983785e-09	627452446	6.983785e-09	2014426858	6.983785e-09	
7.017538e+06	4	1.639606e-05	781549661	7.088532e-09	4.160309e-05	1072840122	4.146713e-05	2716949832	6.982939e-09	
7.025152e+06	3	8.431235e-05	3149440925	1.080917e-08	6.387883e-05	220564665	4.150341e-05	552634658	7.239649e-09	3736523900	7.239649e-09	2213923665	7.239649e-09	
7.034008e+06	1	2.414180e-04	3823986536	1.276370e-06	2.349033e-04	3167902617	4.146881e-05	
7.058327e+06	1	1.628721e-04	858471941	4.299511e-07	1.619064e-04	2215785330	5.187594e-05	
7.099442e+06	1	2.261649e-04	1023377729	1.868248e-06	2.668665e-04	2589646060	4.146713e-05	
7.106726e+06	3	7.657023e-05	3012889883	9.623104e-09	4.626177e-05	552634658	4.196917e-05	1503202005	7.312556e-09	
7.261189e+06	1	1.280019e-04	921425487	1.007485e-07	9.852411e-05	781549661	4.146713e-05	
7.262539e+06	1	2.111956e-04	3823986536	1.283683e-06	2.353333e-04	1503202005	4.210959e-05	
7.267528e+06	4	5.944654e-05	2369258877	7.674765e-09	4.279368e-05	3083352544	4.146713e-05	3202152185	6.982939e-09	
7.320006e+06	1	9.464482e-03	373638573	1.000000e+00	1.000000e-02	1945735688	4.146713e-05	
7.333206e+06	1	1.601586e-04	870896792	1.242761e-06	2.328014e-04	4260098875	4.178751e-05	
7.343613e+06	1	2.639876e-04	870896792	1.249762e-06	2.332494e-04	4240624600	4.150341e-05	
7.416965e+06	1	1.849510e-04	1023377729	1.875249e-06	2.671998e-04	3063534263	4.150341e-05	
7.483208e+06	4	3.401549e-05	2213923665	7.239649e-09	4.196917e-05	879162223	4.146713e-05	2622395779	6.982939e-09	
7.565355e+06	1	2.422880e-04	3680235706	1.300250e-06	2.359688e-04	1867247157	5.167269e-05	
7.622645e+06	1	1.511385e-04	1023377729	1.882251e-06	2.675331e-04	630280293	4.150341e-05	
7.675598e+06	1	1.348748e-04	870896792	1.259386e-06	2.336866e-04	3012889883	4.614553e-05	
7.788589e+06	1	2.659434e-04	2759854154	1.809988e-06	2.640516e-04	3349724438	4.150341e-05	
7.847213e+06	1	8.145973e-05	2521380987	1.400256e-08	4.150341e-05	1751902433	4.150341e-05	
7.878670e+06	1	7.091527e-05	3680235706	1.307237e-06	2.367919e-04	785216844	4.147621e-05	
7.909705e+06	3	6.472704e-05	2369258877	7.653700e-09	4.146713e-05	2489195127	4.146713e-05	3607413901	7.004004e-09	
7.945166e+06	4	9.617644e-06	1726701215	7.146890e-09	4.178751e-05	627452446	4.146881e-05	649593533	6.982939e-09	
7.965466e+06	1	4.518753e-05	1726701215	1.412983e-08	4.146713e-05	649593533	4.146713e-05	
7.982699e+06	1	1.869859e-04	3823986536	1.290684e-06	2.357819e-04	754560055	4.146713e-05	
8.035563e+06	1	2.205287e-04	870896792	1.267039e-06	2.342848e-04	2369258877	4.142916e-05	
8.070761e+06	1	1.399803e-04	858471941	4.370029e-07	1.637436e-04	4167430602	4.160309e-05	
8.112950e+06	1	1.256519e-04	3680235706	1.314477e-06	2.372153e-04	3736523900	4.196917e-05	
8.138236e+06	1	2.607702e-04	1909946179	2.583966e-06	2.974129e-04	2409063466	4.267491e-05	
8.140641e+06	1	1.924998e-04	3823986536	1.297685e-06	2.362098e-04	3121292019	4.150341e-05	
8.198302e+06	1	2.710723e-04	3680235706	1.321481e-06	2.376524e-04	3607413901	4.022207e-05	
8.239438e+06	1	9.300006e-05	1726701215	2.113111e-08	5.204479e-05	965372172	4.150341e-05	
8.432669e+06	1	8.594180e-03	373638573	1.000000e+00	1.000000e-02	3182159117	4.150341e-05	
8.455319e+06	1	8.191442e-05	3491092596	1.414817e-08	4.146713e-05	3468130899	4.146881e-05	
8.470321e+06	4	5.695897e-05	1371202285	6.982939e-09	5.970159e-05	2521380987	5.229102e-05	66987975	6.992110e-09	483021244	6.992110e-09	3707800333	6.992110e-09	3528190190	6.992110e-09	
8.477521e+06	1	8.202493e-05	3099973400	1.585026e-08	4.487341e-05	2533881277	4.150341e-05	
8.578034e+06	1	2.523373e-04	3680235706	1.349412e-06	2.380738e-04	1507417240	6.582497e-05	
8.581926e+06	3	8.320802e-05	43001897	2.560675e-08	6.582497e-05	3099973400	5.449669e-05	2185291493	9.087637e-09	550176535	9.087637e-09	
8.622319e+06	1	8.239585e-05	2178051842	4.344660e-08	7.194126e-05	937177227	4.146713e-05	
8.683631e+06	1	2.122071e-04	858471941	4.510216e-07	1.646339e-04	2597880038	5.231107e-05	
8.720023e+06	1	9.714065e-05	828787466	3.701939e-08	6.582497e-05	550176535	4.527324e-05	
8.723350e+06	3	8.587005e-05	1035492323	1.906513e-08	6.582497e-05	3214077756	4.146713e-05	1674415855	7.924782e-09	4287239676	7.924782e-09	
9.030412e+06	1	1.167497e-04	858471941	4.580054e-07	1.663759e-04	393090083	4.146881e-05	
9.063456e+06	3	1.139254e-05	2789348510	8.848984e-09	4.487341e-05	1950077488	4.146713e-05	3884987045	6.982939e-09	
9.090739e+06	1	1.593596e-04	858471941	4.649883e-07	1.672302e-04	4285585893	4.146713e-05	
9.186073e+06	1	8.235293e-05	858471941	4.719721e-07	1.680758e-04	579073438	4.146881e-05	
9.305529e+06	2	2.116805e-04	3680235706	1.437396e-06	2.397394e-04	921425487	1.009495e-04	1960974751	1.276510e-08	
9.316716e+06	1	1.607358e-04	3680235706	1.450161e-06	2.448406e-04	1960974751	5.070289e-05	
9.328970e+06	1	3.275790e-04	1909946179	2.590985e-06	2.977055e-04	2848685905	4.146713e-05	
9.396119e+06	1	2.780419e-04	3823986536	1.305610e-06	2.366361e-04	4287239676	4.325341e-05	
9.491541e+06	1	8.225253e-05	3680235706	1.459010e-06	2.455632e-04	2789348510	4.146713e-05	
9.605439e+06	1	1.627803e-04	1909946179	2.597987e-06	2.979748e-04	1086559163	4.150341e-05	
9.624443e+06	1	2.738207e-04	3823986536	1.312594e-06	2.371168e-04	2343849308	4.146881e-05	
9.737882e+06	2	1.420207e-04	3680235706	1.894351e-06	2.460617e-04	858471941	1.689131e-04	309459595	7.326276e-09	2348040613	7.326276e-09	3180086772	7.326276e-09	3833074883	7.326276e-09	1462644303	7.326276e-09	
9.744013e+06	1	1.957013e-04	3823986536	1.319632e-06	2.375389e-04	3707879645	4.139477e-05	
9.856949e+06	3	6.418001e-05	3815024321	7.010451e-09	4.150341e-05	483021244	4.141289e-05	4088625113	6.982939e-09	
9.983570e+06	4	6.110832e-05	4088625113	6.982939e-09	4.146713e-05	2716949832	4.146713e-05	1237914369	6.982939e-09	
9.987406e+06	1	2.794418e-04	1023377729	1.889234e-06	2.678657e-04	1246511018	4.146713e-05	
