2.406298e+02	1	1.168038e-04	16	3.069000e-07	1.233575e-04	181	5.550000e-05	
9.334302e+02	1	1.382736e-04	5	3.069000e-07	1.233575e-04	71	5.550000e-05	
1.519264e+03	1	1.092465e-04	9	3.069000e-07	1.233575e-04	112	5.550000e-05	
2.023540e+03	1	9.306139e-05	6	3.069000e-07	1.233575e-04	84	5.550000e-05	
2.364503e+03	1	1.567532e-04	11	3.069000e-07	1.233575e-04	130	5.550000e-05	
2.756867e+03	1	1.572098e-04	9	3.348000e-07	1.269877e-04	113	5.550000e-05	
3.159033e+03	1	1.265273e-04	16	3.348000e-07	1.269877e-04	177	5.550000e-05	
3.911189e+03	1	5.041347e-05	3	3.069000e-07	1.233575e-04	49	5.550000e-05	
4.207930e+03	0	8.800178e-05	92	2.790000e-08	5.550000e-05	89	5.550000e-05	
5.214766e+03	1	1.344238e-04	8	3.069000e-07	1.233575e-04	105	5.550000e-05	
5.814536e+03	1	9.361135e-05	12	3.069000e-07	1.233575e-04	138	5.550000e-05	
5.977361e+03	1	1.239138e-04	18	3.069000e-07	1.233575e-04	203	5.550000e-05	
6.666141e+03	1	4.809638e-05	100	5.580000e-08	6.992562e-05	99	5.550000e-05	
7.101460e+03	1	1.368656e-04	5	3.348000e-07	1.269877e-04	72	5.550000e-05	
7.545874e+03	0	1.740379e-04	4	2.790000e-07	1.195000e-04	61	5.550000e-05	
8.225350e+03	1	9.351328e-05	205	5.580000e-08	6.992562e-05	202	5.550000e-05	
1.058725e+04	1	5.757671e-05	54	5.580000e-08	6.992562e-05	47	5.550000e-05	
1.096003e+04	1	5.703762e-05	73	5.580000e-08	6.992562e-05	70	5.550000e-05	
1.121320e+04	0	1.036231e-04	74	2.790000e-08	5.550000e-05	65	5.550000e-05	
1.155659e+04	0	1.607001e-04	1	2.790000e-07	1.195000e-04	29	5.550000e-05	
1.187795e+04	1	1.072301e-04	11	3.348000e-07	1.269877e-04	129	5.550000e-05	
1.207445e+04	1	6.486481e-05	1	3.069000e-07	1.233575e-04	29	5.550000e-05	
1.232167e+04	1	1.653725e-04	2	3.069000e-07	1.233575e-04	42	5.550000e-05	
1.407300e+04	1	6.493571e-05	216	5.580000e-08	6.992562e-05	209	5.550000e-05	
1.443780e+04	1	7.007766e-05	73	8.370000e-08	8.004485e-05	75	5.550000e-05	
1.561371e+04	1	3.560802e-05	14	3.069000e-07	1.233575e-04	154	5.550000e-05	
1.687738e+04	1	1.168169e-04	5	3.627000e-07	1.304214e-04	76	5.550000e-05	
1.830690e+04	1	1.070071e-04	4	3.069000e-07	1.233575e-04	65	5.550000e-05	
1.937708e+04	1	1.633721e-04	2	3.348000e-07	1.269877e-04	41	5.550000e-05	
1.958158e+04	1	9.119838e-05	5	3.906000e-07	1.336833e-04	61	5.550000e-05	
2.003557e+04	0	1.453245e-04	6	3.069000e-07	1.233575e-04	91	5.550000e-05	
2.157828e+04	1	7.241902e-05	37	5.580000e-08	6.992562e-05	36	5.550000e-05	
2.244115e+04	1	1.220270e-04	11	3.627000e-07	1.304214e-04	142	5.550000e-05	
2.340197e+04	1	8.927996e-05	190	5.580000e-08	6.992562e-05	176	5.550000e-05	
2.351505e+04	1	1.222260e-04	2	3.627000e-07	1.304214e-04	44	5.550000e-05	
2.375530e+04	1	1.150681e-04	9	3.627000e-07	1.304214e-04	121	5.550000e-05	
2.567059e+04	1	6.032179e-05	14	3.348000e-07	1.269877e-04	153	5.550000e-05	
2.730614e+04	0	1.711062e-04	9	3.627000e-07	1.304214e-04	119	5.550000e-05	
2.862066e+04	0	9.530178e-05	241	2.790000e-08	5.550000e-05	211	5.550000e-05	
3.017717e+04	0	9.041202e-05	91	2.790000e-08	5.550000e-05	77	5.550000e-05	
3.289561e+04	1	3.555170e-05	63	5.580000e-08	6.992562e-05	50	5.550000e-05	
3.575167e+04	1	1.227826e-04	9	3.906000e-07	1.336833e-04	118	5.550000e-05	
3.613463e+04	1	1.822868e-04	2	3.906000e-07	1.336833e-04	39	5.550000e-05	
3.828715e+04	1	4.792966e-05	4	3.348000e-07	1.269877e-04	89	5.550000e-05	
3.900047e+04	0	1.036275e-04	35	2.790000e-08	5.550000e-05	34	5.550000e-05	
4.113001e+04	0	8.704136e-05	179	2.790000e-08	5.550000e-05	174	5.550000e-05	
4.290514e+04	1	4.680013e-05	2	4.464000e-07	1.397680e-04	54	6.992562e-05	
4.840326e+04	0	9.727755e-05	216	5.580000e-08	6.992562e-05	208	5.550000e-05	
4.924142e+04	1	1.651217e-04	11	3.906000e-07	1.336833e-04	124	5.550000e-05	
5.107457e+04	2	3.458407e-05	60	3.331044e-08	5.887782e-05	55	5.550000e-05	3687573659	2.248956e-08	
5.236444e+04	0	1.034420e-04	96	2.790000e-08	5.550000e-05	79	5.550000e-05	
5.286454e+04	0	1.397755e-04	5	3.906000e-07	1.336833e-04	74	5.550000e-05	
5.420013e+04	0	7.735417e-05	82	2.790000e-08	5.550000e-05	79	5.550000e-05	
5.517922e+04	1	1.680380e-04	14	3.627000e-07	1.304214e-04	160	5.550000e-05	
5.579985e+04	1	1.018254e-04	8	3.348000e-07	1.269877e-04	101	5.550000e-05	
5.905151e+04	1	3.213315e-05	37	8.370000e-08	8.004485e-05	48	5.550000e-05	
6.251186e+04	0	1.653886e-04	10	2.790000e-07	1.195000e-04	117	5.550000e-05	
6.693480e+04	1	8.034161e-05	7	3.627000e-07	1.304214e-04	73	8.004485e-05	
7.053042e+04	0	1.219360e-04	37	8.370000e-08	8.004485e-05	38	5.550000e-05	
7.224553e+04	0	1.454662e-04	11	3.906000e-07	1.336833e-04	106	5.550000e-05	
7.271959e+04	1	3.981980e-05	3	3.348000e-07	1.269877e-04	59	5.550000e-05	
7.444160e+04	1	2.211102e-05	16	3.906000e-07	1.336833e-04	190	6.992562e-05	
7.695826e+04	0	8.476937e-05	114	2.790000e-08	5.550000e-05	104	5.550000e-05	
7.720164e+04	1	8.308754e-05	3	3.681104e-07	1.310668e-04	60	5.887782e-05	
7.816513e+04	1	4.254248e-05	63	8.370000e-08	8.004485e-05	69	5.550000e-05	
8.631247e+04	1	4.089869e-05	127	5.580000e-08	6.992562e-05	116	5.550000e-05	
8.980118e+04	0	1.392121e-04	8	3.348000e-07	1.269877e-04	87	5.550000e-05	
9.029029e+04	0	7.012078e-05	250	2.790000e-08	5.550000e-05	241	5.550000e-05	
9.245676e+04	2	5.823866e-05	236	2.547862e-08	5.384560e-05	189	5.550000e-05	3196256300	1.400000e-08	848448836	1.632138e-08	
9.283426e+04	0	1.265549e-04	63	8.370000e-08	8.004485e-05	68	5.550000e-05	
9.302018e+04	0	1.517077e-04	3	3.681104e-07	1.310668e-04	67	5.550000e-05	
9.352866e+04	1	1.164881e-04	4	4.185000e-07	1.367934e-04	63	8.004485e-05	
9.495573e+04	1	3.821805e-05	40	5.580000e-08	6.992562e-05	38	5.550000e-05	
1.015420e+05	1	1.063543e-04	2	4.743000e-07	1.426212e-04	43	5.550000e-05	
1.040791e+05	0	1.412537e-04	14	3.627000e-07	1.304214e-04	164	5.550000e-05	
1.053526e+05	0	1.746062e-04	2	4.743000e-07	1.426212e-04	45	5.550000e-05	
1.157205e+05	1	1.251395e-04	11	4.185000e-07	1.367934e-04	106	5.550000e-05	
1.191202e+05	1	1.316921e-04	11	4.464000e-07	1.397680e-04	156	5.550000e-05	
1.227827e+05	0	5.947342e-05	86	2.790000e-08	5.550000e-05	80	5.550000e-05	
1.253849e+05	1	1.057989e-04	7	3.906000e-07	1.336833e-04	90	5.550000e-05	
1.260020e+05	0	1.599224e-04	3	3.681104e-07	1.310668e-04	67	5.550000e-05	
1.262774e+05	1	7.275269e-05	3	3.906000e-07	1.336833e-04	3687573659	5.165178e-05	
1.338576e+05	0	1.221306e-04	40	5.580000e-08	6.992562e-05	34	5.550000e-05	
1.496392e+05	0	6.694706e-05	230	2.790000e-08	5.550000e-05	3196256300	4.410295e-05	
1.526240e+05	1	8.646522e-05	3	4.185000e-07	1.367934e-04	45	5.550000e-05	
1.560271e+05	1	6.336709e-05	20	3.069000e-07	1.233575e-04	219	5.550000e-05	
1.726109e+05	0	1.698814e-04	4	4.185000e-07	1.367934e-04	56	5.550000e-05	
1.866289e+05	1	9.840505e-05	3	4.464000e-07	1.397680e-04	53	5.550000e-05	
1.922047e+05	0	7.455157e-05	192	2.790000e-08	5.550000e-05	186	5.550000e-05	
1.951914e+05	0	1.048318e-04	114	2.790000e-08	5.550000e-05	111	5.550000e-05	
1.958240e+05	1	7.873440e-05	9	4.185000e-07	1.367934e-04	104	5.550000e-05	
1.968321e+05	1	4.936540e-04	1769235826	9.542379e-04	4.779047e-04	274	5.550000e-05	
2.039245e+05	1	5.021767e-05	37	1.116000e-07	8.810076e-05	34	5.550000e-05	
2.138622e+05	0	1.689876e-04	4	4.185000e-07	1.367934e-04	68	5.550000e-05	
2.201109e+05	1	1.358091e-04	9	4.464000e-07	1.397680e-04	114	5.550000e-05	
2.259402e+05	1	1.764239e-04	8	3.627000e-07	1.304214e-04	98	5.550000e-05	
2.333885e+05	0	1.086783e-04	81	2.790000e-08	5.550000e-05	58	5.550000e-05	
2.359736e+05	0	1.846490e-04	4	4.185000e-07	1.367934e-04	58	5.550000e-05	
2.400799e+05	1	1.183813e-04	6	3.348000e-07	1.269877e-04	81	5.550000e-05	
2.407847e+05	0	1.129472e-04	37	1.116000e-07	8.810076e-05	35	5.550000e-05	
2.425019e+05	0	1.356755e-04	8	3.627000e-07	1.304214e-04	97	5.550000e-05	
2.426237e+05	0	8.714701e-05	28	2.790000e-08	5.550000e-05	27	5.550000e-05	
2.471014e+05	0	8.063739e-05	223	2.790000e-08	5.550000e-05	199	5.550000e-05	
2.493854e+05	1	2.910027e-04	1769235826	9.542658e-04	4.779093e-04	266	5.550000e-05	
2.497925e+05	2	9.204025e-05	37	1.165273e-07	8.937872e-05	40	6.992562e-05	2211003714	1.400000e-08	2916276788	1.843635e-08	3696193412	1.843635e-08	
2.498903e+05	0	7.834560e-05	62	2.790000e-08	5.550000e-05	57	5.550000e-05	
2.506757e+05	1	9.835804e-05	4	4.464000e-07	1.397680e-04	68	5.550000e-05	
2.563589e+05	0	1.718219e-04	1	3.069000e-07	1.233575e-04	27	5.550000e-05	
2.564039e+05	1	1.173913e-04	1	3.348000e-07	1.269877e-04	27	5.550000e-05	
2.601613e+05	0	9.443698e-05	35	2.790000e-08	5.550000e-05	33	5.550000e-05	
2.614238e+05	1	3.375243e-05	255	5.580000e-08	6.992562e-05	210	5.550000e-05	
2.630703e+05	0	1.758299e-04	12	3.069000e-07	1.233575e-04	135	5.550000e-05	
2.662218e+05	1	8.492175e-05	9	4.743000e-07	1.426212e-04	111	5.550000e-05	
2.662355e+05	1	3.988762e-05	119	5.580000e-08	6.992562e-05	95	5.550000e-05	
2.771997e+05	1	1.336667e-04	2	5.022000e-07	1.453646e-04	67	5.550000e-05	
2.780556e+05	1	1.531781e-04	7	7.533000e-07	1.664010e-04	8	1.304214e-04	
2.895061e+05	1	1.058786e-04	3	4.743000e-07	1.426212e-04	57	5.550000e-05	
2.905753e+05	1	8.392104e-05	37	1.349636e-07	9.386359e-05	2916276788	4.834111e-05	
2.921779e+05	1	1.535188e-04	5	4.185000e-07	1.367934e-04	66	5.550000e-05	
2.950661e+05	1	4.907613e-05	188	5.580000e-08	6.992562e-05	174	5.550000e-05	
2.985063e+05	1	2.593687e-04	11	7.533000e-07	1.664010e-04	12	1.233575e-04	
3.008483e+05	1	7.977374e-05	37	1.534000e-07	9.795652e-05	3696193412	4.834111e-05	
3.009763e+05	1	1.607346e-04	11	7.812000e-07	1.684304e-04	139	5.550000e-05	
3.171067e+05	2	6.140924e-05	35	2.184959e-09	2.374503e-05	33	5.550000e-05	15308464	1.400000e-08	1239307652	1.980752e-08	1945448119	1.980752e-08	
3.209541e+05	1	1.649247e-04	9	5.301000e-07	1.480082e-04	100	6.992562e-05	
3.220468e+05	1	5.258360e-05	1945448119	3.961504e-08	6.237994e-05	1239307652	4.951099e-05	
3.221555e+05	0	9.614445e-05	119	5.580000e-08	6.992562e-05	144	5.550000e-05	
3.283858e+05	1	1.023452e-04	4	4.743000e-07	1.426212e-04	82	5.550000e-05	
3.488339e+05	0	7.064197e-05	163	2.790000e-08	5.550000e-05	149	5.550000e-05	
3.735875e+05	0	8.004735e-05	258	2.790000e-08	5.550000e-05	197	5.550000e-05	
3.851590e+05	0	9.070421e-05	122	2.790000e-08	5.550000e-05	97	5.550000e-05	
3.887548e+05	0	7.416663e-05	151	2.790000e-08	5.550000e-05	128	5.550000e-05	
4.058601e+05	0	8.163576e-05	149	2.790000e-08	5.550000e-05	146	5.550000e-05	
4.104641e+05	0	9.143164e-05	1945448119	3.961504e-08	6.237994e-05	32	5.550000e-05	
4.233390e+05	1	1.995688e-04	7	7.812000e-07	1.684304e-04	132	5.550000e-05	
4.300406e+05	0	6.456066e-05	115	2.790000e-08	5.550000e-05	97	5.550000e-05	
4.310604e+05	1	1.349521e-04	11	8.370000e-07	1.723488e-04	127	6.992562e-05	
4.553252e+05	1	4.051724e-05	2	5.162000e-07	1.467031e-04	2211003714	4.410295e-05	
4.554918e+05	0	9.254187e-05	220	2.790000e-08	5.550000e-05	186	5.550000e-05	
4.637342e+05	0	6.525113e-05	208	2.790000e-08	5.550000e-05	146	5.550000e-05	
4.808075e+05	0	8.825635e-05	58	2.790000e-08	5.550000e-05	46	5.550000e-05	
5.020299e+05	0	5.771500e-05	144	2.790000e-08	5.550000e-05	77	5.550000e-05	
5.137954e+05	0	2.171773e-04	7	7.812000e-07	1.684304e-04	125	5.550000e-05	
5.192597e+05	0	1.598829e-04	20	3.069000e-07	1.233575e-04	182	5.550000e-05	
5.215178e+05	0	9.474993e-05	178	2.790000e-08	5.550000e-05	168	5.550000e-05	
5.232180e+05	0	1.468957e-04	5	4.185000e-07	1.367934e-04	91	5.550000e-05	
5.380088e+05	1	7.662407e-05	37	1.813000e-07	1.035677e-04	51	5.550000e-05	
5.382914e+05	0	8.328861e-05	182	2.790000e-08	5.550000e-05	166	5.550000e-05	
5.474265e+05	0	1.872133e-04	2	5.162000e-07	1.467031e-04	58	5.550000e-05	
5.547556e+05	1	6.754755e-05	16	4.185000e-07	1.367934e-04	180	5.550000e-05	
5.821712e+05	1	2.085085e-04	1953854062	2.862790e-04	4.030310e-04	23	1.195000e-04	
6.279641e+05	1	1.181913e-04	9	5.580000e-07	1.505606e-04	86	5.550000e-05	
6.290060e+05	0	1.369727e-04	14	3.627000e-07	1.304214e-04	157	5.550000e-05	
6.344559e+05	1	7.075742e-05	2	5.441000e-07	1.492999e-04	58	5.550000e-05	
6.375044e+05	0	1.456894e-04	15	2.790000e-07	1.195000e-04	254	5.550000e-05	
6.716410e+05	2	1.378237e-04	7	1.318679e-06	2.005455e-04	9	1.505606e-04	3396227953	2.052079e-08	
6.790657e+05	0	1.868320e-04	5	4.185000e-07	1.367934e-04	79	5.550000e-05	
6.889525e+05	0	2.368996e-04	7	1.318679e-06	2.005455e-04	3396227953	5.006850e-05	
6.959501e+05	1	1.284586e-04	11	1.116000e-06	1.896944e-04	13	1.195000e-04	
7.002682e+05	0	1.436739e-04	17	2.790000e-07	1.195000e-04	150	5.550000e-05	
7.079584e+05	0	1.001920e-04	93	2.790000e-08	5.550000e-05	74	5.550000e-05	
7.218567e+05	0	7.626964e-05	115	2.790000e-08	5.550000e-05	102	5.550000e-05	
7.295532e+05	1	4.987455e-05	11	1.143900e-06	1.912622e-04	115	5.550000e-05	
7.313119e+05	2	6.840743e-05	78	2.222400e-08	5.144767e-05	56	5.550000e-05	3321237907	1.400000e-08	3187199216	1.957600e-08	
7.364332e+05	0	2.221980e-04	7	1.318679e-06	2.005455e-04	88	5.550000e-05	
7.375478e+05	1	1.549076e-04	7	1.346579e-06	2.019500e-04	88	5.550000e-05	
7.529487e+05	1	1.161647e-04	20	3.348000e-07	1.269877e-04	199	5.550000e-05	
7.742399e+05	1	1.081075e-04	5	4.380760e-07	1.388938e-04	3187199216	4.931733e-05	
7.943531e+05	0	1.058759e-04	93	2.790000e-08	5.550000e-05	80	5.550000e-05	
7.969460e+05	0	1.020575e-04	195	2.790000e-08	5.550000e-05	141	5.550000e-05	
8.086914e+05	1	1.151980e-04	5	4.520760e-07	1.403579e-04	3321237907	4.410295e-05	
8.202846e+05	1	2.683895e-04	7	1.402379e-06	2.047018e-04	119	6.992562e-05	
8.236772e+05	0	9.714025e-05	144	2.790000e-08	5.550000e-05	92	5.550000e-05	
8.238848e+05	0	1.631166e-04	16	4.185000e-07	1.367934e-04	207	5.550000e-05	
8.292064e+05	4	3.954705e-05	179	1.400000e-08	4.410295e-05	134	5.550000e-05	3330100144	2.090000e-08	310481256	2.090000e-08	
8.416017e+05	2	9.507017e-05	1945448119	3.068812e-08	5.729038e-05	31	5.550000e-05	817087088	1.400000e-08	551137729	2.282692e-08	
8.524411e+05	1	4.672040e-05	1945448119	4.468812e-08	6.493651e-05	817087088	4.410295e-05	
8.534828e+05	0	1.032997e-04	231	2.790000e-08	5.550000e-05	212	5.550000e-05	
8.539709e+05	0	1.415200e-04	10	2.790000e-07	1.195000e-04	125	5.550000e-05	
8.598428e+05	1	1.003079e-04	4	5.022000e-07	1.453646e-04	91	5.550000e-05	
8.653331e+05	1	5.060314e-05	4	5.301000e-07	1.480082e-04	62	5.550000e-05	
8.725714e+05	0	1.593442e-04	3	4.743000e-07	1.426212e-04	78	5.144767e-05	
8.871392e+05	1	2.325710e-04	7	1.430279e-06	2.060504e-04	103	5.550000e-05	
8.942733e+05	1	1.350292e-04	5	4.660760e-07	1.417921e-04	179	4.410295e-05	
9.021927e+05	1	9.560804e-05	4	5.580000e-07	1.505606e-04	144	5.550000e-05	
9.053432e+05	0	1.317456e-04	10	2.790000e-07	1.195000e-04	196	5.550000e-05	
9.165878e+05	1	2.979529e-04	7	1.709279e-06	2.186608e-04	10	1.195000e-04	
9.264449e+05	1	1.050503e-04	3	5.022000e-07	1.453646e-04	46	5.550000e-05	
9.315327e+05	4	1.988138e-05	1945448119	1.400000e-08	4.410295e-05	15308464	4.410295e-05	1218250404	1.489604e-08	1035956119	1.489604e-08	1211996162	1.489604e-08	
9.380587e+05	0	7.474239e-05	1211996162	1.489604e-08	4.502446e-05	1035956119	4.502446e-05	
9.381984e+05	1	4.971593e-05	1211996162	2.979208e-08	5.672727e-05	1035956119	4.502446e-05	
9.464053e+05	2	7.973563e-05	11	1.226168e-06	1.957416e-04	18	1.233575e-04	188552836	1.403947e-08	2029773149	1.403947e-08	302486611	1.403947e-08	1842102965	1.403947e-08	1285693762	1.403947e-08	1078741991	1.403947e-08	2723643411	1.403947e-08	1804212609	1.403947e-08	438292632	1.403947e-08	2001290253	1.403947e-08	3147695692	1.403947e-08	3179285865	1.403947e-08	2173231515	1.403947e-08	740082705	1.403947e-08	2795063678	1.403947e-08	3642829293	1.403947e-08	
9.610595e+05	1	2.084987e-04	11	1.240208e-06	1.964859e-04	1285693762	4.411809e-05	
9.630537e+05	2	2.799229e-05	122	4.071127e-08	6.295011e-05	92	5.550000e-05	2707128518	1.508873e-08	
9.721037e+05	1	1.823589e-04	11	1.254247e-06	1.972245e-04	302486611	4.411809e-05	
9.726363e+05	2	7.368357e-05	208	4.408065e-09	3.000366e-05	110	5.550000e-05	474866315	1.400000e-08	1639799867	1.869597e-08	1026028388	1.869597e-08	
9.844945e+05	1	1.124617e-04	15	2.930395e-07	1.214717e-04	3147695692	4.411809e-05	
1.006807e+06	0	1.898942e-04	16	4.185000e-07	1.367934e-04	135	5.550000e-05	
1.007475e+06	1	2.270639e-04	11	1.268287e-06	1.979577e-04	438292632	4.411809e-05	
1.011281e+06	1	9.589996e-05	7	1.737179e-06	2.198440e-04	102	5.550000e-05	
1.013505e+06	0	2.089388e-04	2	5.441000e-07	1.492999e-04	37	1.035677e-04	
1.024881e+06	4	2.684558e-05	32	1.608496e-08	4.410295e-05	35	2.374503e-05	1128056158	1.400000e-08	
1.025088e+06	1	5.117999e-05	32	3.008496e-08	5.433889e-05	1128056158	4.410295e-05	
1.044163e+06	0	1.705012e-04	16	4.185000e-07	1.367934e-04	310481256	5.040501e-05	
1.049931e+06	0	2.379848e-04	7	1.737179e-06	2.198440e-04	85	5.550000e-05	
1.055078e+06	0	1.676114e-04	3	5.022000e-07	1.453646e-04	5	1.417921e-04	
1.090265e+06	0	7.940589e-05	151	2.790000e-08	5.550000e-05	2723643411	4.411809e-05	
1.097772e+06	3	3.088067e-05	1211996162	1.922879e-08	4.902402e-05	30	5.550000e-05	2909632847	1.923164e-08	937177227	1.923164e-08	
1.108621e+06	0	1.367566e-04	1	3.348000e-07	1.269877e-04	32	5.433889e-05	
1.121100e+06	4	2.039328e-05	937177227	1.923164e-08	4.410295e-05	1945448119	4.410295e-05	3393811039	1.400000e-08	
1.189822e+06	0	7.202466e-05	175	2.790000e-08	5.550000e-05	1026028388	4.856696e-05	
1.212823e+06	0	1.884100e-04	5	4.660760e-07	1.417921e-04	80	5.550000e-05	
1.219092e+06	1	3.921974e-05	157	5.580000e-08	6.992562e-05	136	5.550000e-05	
1.224900e+06	1	1.024099e-04	37	2.035240e-07	1.076375e-04	78	5.144767e-05	
1.249306e+06	0	2.379369e-04	11	1.268287e-06	1.979577e-04	123	5.550000e-05	
1.304346e+06	0	1.290769e-04	37	2.035240e-07	1.076375e-04	186	5.550000e-05	
1.313981e+06	1	1.420991e-04	7	1.765079e-06	2.210147e-04	159	5.550000e-05	
1.329182e+06	0	7.197160e-05	2909632847	1.923164e-08	4.902644e-05	1211996162	4.902402e-05	
1.336806e+06	0	6.792189e-05	137	2.790000e-08	5.550000e-05	109	5.550000e-05	
1.359437e+06	2	9.523347e-05	32	1.921504e-09	2.172074e-05	169	5.550000e-05	611212867	1.400000e-08	1104410542	1.402115e-08	2328232000	1.402115e-08	2999719241	1.402115e-08	
1.359501e+06	1	2.070524e-05	1104410542	1.594266e-08	4.397250e-05	32	2.172074e-05	
1.359999e+06	0	2.393830e-04	7	1.765079e-06	2.210147e-04	109	5.550000e-05	
1.360318e+06	0	5.835611e-05	1104410542	1.594266e-08	4.397250e-05	611212867	4.210855e-05	
1.361506e+06	1	1.959040e-04	11	1.296187e-06	1.993987e-04	85	5.550000e-05	
1.373974e+06	0	9.055511e-05	551137729	2.282692e-08	5.190877e-05	937177227	4.410295e-05	
1.374529e+06	0	1.512564e-04	2	5.441000e-07	1.492999e-04	551137729	5.190877e-05	
1.375756e+06	1	1.289246e-04	11	1.324087e-06	2.008192e-04	128	5.550000e-05	
1.379393e+06	0	6.701552e-05	937177227	1.923164e-08	4.410295e-05	2909632847	4.902644e-05	
1.382875e+06	4	1.514303e-05	211	1.400000e-08	4.410295e-05	178	5.550000e-05	1931993247	2.090000e-08	1494850122	2.090000e-08	
1.394159e+06	0	6.577108e-05	166	2.790000e-08	5.550000e-05	120	5.550000e-05	
1.408630e+06	1	1.834978e-04	7	1.785600e-06	2.218679e-04	3396227953	5.006850e-05	
1.435299e+06	0	1.627685e-04	1	3.348000e-07	1.269877e-04	1211996162	4.902402e-05	
1.461146e+06	1	1.828164e-04	11	1.338126e-06	2.015265e-04	3179285865	4.411809e-05	
1.486066e+06	1	6.946233e-05	2	5.581000e-07	1.505696e-04	611212867	4.210855e-05	
1.494089e+06	1	6.222317e-05	1	3.540288e-07	1.293737e-04	1211996162	4.902402e-05	
1.506336e+06	0	2.598104e-04	7	1.785600e-06	2.218679e-04	109	5.550000e-05	
1.509025e+06	0	1.485305e-04	5	4.660760e-07	1.417921e-04	108	5.550000e-05	
1.524686e+06	0	9.707672e-05	145	2.790000e-08	5.550000e-05	211	4.410295e-05	
1.527965e+06	0	1.927482e-04	16	4.185000e-07	1.367934e-04	255	6.992562e-05	
1.535494e+06	1	1.269538e-04	11	1.352126e-06	2.022269e-04	211	4.410295e-05	
1.546861e+06	2	3.505213e-05	2	7.209840e-07	1.639866e-04	37	1.076375e-04	3414514926	2.032001e-08	2312786130	2.032001e-08	
1.549157e+06	0	1.469870e-04	16	4.185000e-07	1.367934e-04	167	5.550000e-05	
1.553407e+06	1	1.504912e-04	2	7.413040e-07	1.655129e-04	3414514926	4.990467e-05	
1.556230e+06	1	1.121340e-04	14	3.906000e-07	1.336833e-04	150	5.550000e-05	
1.562549e+06	1	1.415247e-04	2	7.616240e-07	1.670116e-04	2312786130	4.990467e-05	
1.598162e+06	1	1.141127e-04	6	3.627000e-07	1.304214e-04	64	5.550000e-05	
1.629921e+06	1	2.086463e-05	175	5.580000e-08	6.992562e-05	172	5.550000e-05	
1.639254e+06	3	3.946233e-05	148	2.788239e-08	5.548832e-05	1494850122	5.040501e-05	3537925318	2.091761e-08	
1.649357e+06	0	2.351505e-04	4	5.580000e-07	1.505606e-04	5	1.417921e-04	
1.677412e+06	0	7.745419e-05	183	2.790000e-08	5.550000e-05	152	5.550000e-05	
1.691542e+06	0	9.241999e-05	131	2.790000e-08	5.550000e-05	148	5.548832e-05	
1.710183e+06	4	4.178188e-06	2909632847	1.925280e-08	4.410295e-05	2328232000	4.212975e-05	1634407402	1.400000e-08	
1.716353e+06	0	1.857740e-04	14	3.906000e-07	1.336833e-04	192	5.550000e-05	
1.716738e+06	1	2.178517e-04	7	1.813500e-06	2.230175e-04	137	5.550000e-05	
1.744061e+06	0	1.095832e-04	183	2.790000e-08	5.550000e-05	152	5.550000e-05	
1.755500e+06	1	1.253339e-04	5	4.939760e-07	1.445668e-04	79	5.550000e-05	
1.757750e+06	0	1.430769e-04	1	3.540288e-07	1.293737e-04	937177227	4.410295e-05	
1.762456e+06	3	1.158322e-04	1	3.330534e-07	1.267665e-04	1104410542	4.397250e-05	3869596591	1.845901e-08	3375523036	1.845901e-08	
1.765207e+06	2	5.903628e-05	937177227	1.910409e-08	8.721020e-06	2999719241	4.212975e-05	772925454	1.400000e-08	2215785330	1.487015e-10	
1.765757e+06	1	2.102997e-05	772925454	1.414870e-08	3.981386e-05	2215785330	8.721020e-06	
1.766148e+06	0	1.637049e-04	1	3.330534e-07	1.267665e-04	3869596591	4.833214e-05	
1.766406e+06	1	1.077127e-04	1	3.515124e-07	1.290665e-04	3869596591	4.833214e-05	
1.778910e+06	1	1.438634e-04	1	3.699714e-07	1.312873e-04	3375523036	4.833214e-05	
1.802961e+06	4	3.346871e-05	28	1.400000e-08	4.410295e-05	937177227	8.721020e-06	3491092596	1.650205e-08	57770090	1.650205e-08	
1.807420e+06	1	1.516687e-04	11	1.366166e-06	2.029244e-04	3642829293	4.411809e-05	
1.808885e+06	0	2.742915e-04	7	1.813500e-06	2.230175e-04	77	5.550000e-05	
1.818201e+06	4	4.399965e-05	1634407402	1.400000e-08	4.410295e-05	28	4.410295e-05	3071577057	1.400000e-08	
1.851091e+06	0	1.105512e-04	146	2.790000e-08	5.550000e-05	145	5.550000e-05	
1.854082e+06	4	2.518238e-05	57770090	1.665075e-08	4.410295e-05	772925454	3.981386e-05	1452489764	1.400000e-08	
1.857482e+06	3	2.161727e-05	206	2.206524e-08	5.132486e-05	2707128518	4.521777e-05	4260098875	2.092348e-08	
1.859906e+06	0	1.498994e-04	3	5.022000e-07	1.453646e-04	52	5.550000e-05	
1.863440e+06	2	4.605081e-05	2909632847	1.757114e-08	1.956811e-05	1452489764	4.410295e-05	3696843781	1.400000e-08	2138100036	1.681659e-09	
1.871702e+06	2	6.783909e-05	57770090	1.491725e-08	2.074744e-05	1634407402	4.410295e-05	1726701215	1.400000e-08	1412415798	1.733504e-09	
1.872194e+06	1	5.151813e-05	57770090	2.891725e-08	2.586946e-05	1726701215	4.162610e-05	
1.894867e+06	1	5.334034e-05	1	3.716531e-07	1.314859e-04	2138100036	1.956811e-05	
1.909192e+06	1	1.678360e-05	19	2.999000e-07	1.224124e-04	310481256	5.040501e-05	
1.911061e+06	0	1.748026e-04	1	3.716531e-07	1.314859e-04	3491092596	4.658766e-05	
1.916704e+06	0	5.375001e-05	57770090	2.891725e-08	2.586946e-05	3491092596	4.658766e-05	
1.931502e+06	2	8.681840e-05	1	3.847041e-07	1.330073e-04	57770090	2.586946e-05	375852842	1.586626e-08	
1.936630e+06	1	1.259695e-04	5	5.218760e-07	1.472388e-04	83	5.550000e-05	
1.957570e+06	1	1.258875e-04	1	3.987041e-07	1.346016e-04	3696843781	3.965936e-05	
1.977087e+06	0	1.467085e-04	1	3.987041e-07	1.346016e-04	52	5.550000e-05	
1.981054e+06	1	1.140085e-04	1	4.215310e-07	1.371228e-04	551137729	5.190877e-05	
2.040554e+06	1	6.369951e-05	1	4.391021e-07	1.390022e-04	2909632847	1.956811e-05	
2.090657e+06	0	2.403186e-04	5	5.218760e-07	1.472388e-04	6	1.304214e-04	
2.096118e+06	0	1.649713e-04	1	4.391021e-07	1.390022e-04	3071577057	4.410295e-05	
2.097530e+06	0	3.384045e-04	7	1.813500e-06	2.230175e-04	22	1.195000e-04	
2.130017e+06	0	1.508216e-04	1	4.391021e-07	1.390022e-04	3071577057	4.410295e-05	
2.135367e+06	1	6.305109e-05	1	4.531021e-07	1.404641e-04	3071577057	4.410295e-05	
2.144146e+06	0	1.811325e-04	4	5.580000e-07	1.505606e-04	236	5.384560e-05	
2.161242e+06	3	1.762647e-05	173	1.461496e-08	4.473947e-05	94	5.550000e-05	3593732192	2.059252e-08	3888264012	2.059252e-08	
2.165455e+06	1	1.003276e-04	14	4.046395e-07	1.352662e-04	1842102965	4.411809e-05	
2.169631e+06	0	1.057794e-04	96	2.790000e-08	5.550000e-05	87	5.550000e-05	
2.208489e+06	0	6.636867e-05	200	2.790000e-08	5.550000e-05	107	5.550000e-05	
2.217637e+06	1	8.981821e-05	14	4.325395e-07	1.383062e-04	170	5.550000e-05	
2.393177e+06	1	1.355514e-04	11	1.380205e-06	2.036172e-04	2173231515	4.411809e-05	
2.433195e+06	0	2.637814e-04	7	1.813500e-06	2.230175e-04	255	6.992562e-05	
2.438132e+06	3	1.232848e-04	2	7.433586e-07	1.656657e-04	278	5.550000e-05	313359544	1.538845e-08	217284033	1.538845e-08	2151269300	1.538845e-08	
2.440339e+06	1	1.152619e-04	2	7.587471e-07	1.668011e-04	217284033	4.548814e-05	
2.463534e+06	1	1.257877e-04	3	5.301000e-07	1.480082e-04	195	5.550000e-05	
2.469179e+06	1	2.634223e-05	2	7.741356e-07	1.679212e-04	2151269300	4.548814e-05	
2.472176e+06	1	8.996288e-05	2	7.895240e-07	1.690266e-04	313359544	4.548814e-05	
2.478744e+06	0	2.502866e-04	4	5.580000e-07	1.505606e-04	3	1.480082e-04	
2.480309e+06	1	1.685275e-04	7	1.834400e-06	2.238710e-04	3330100144	5.040501e-05	
2.481169e+06	2	9.440208e-05	4	5.707247e-07	1.516964e-04	186	5.550000e-05	3913511150	1.517532e-08	
2.492871e+06	0	2.927768e-04	4	5.707247e-07	1.516964e-04	3	1.480082e-04	
2.519532e+06	0	7.796552e-05	4260098875	2.092348e-08	5.042388e-05	1639799867	4.856696e-05	
2.577703e+06	0	9.537958e-05	52	2.790000e-08	5.550000e-05	375852842	4.595415e-05	
2.580784e+06	1	1.825622e-05	1	4.689684e-07	1.420848e-04	375852842	4.595415e-05	
2.623399e+06	2	6.844800e-05	52	2.660272e-08	2.855358e-05	3491092596	4.658766e-05	2962530363	1.400000e-08	2063946235	3.799330e-09	
2.628925e+06	1	4.350648e-05	52	4.060272e-08	3.287534e-05	2962530363	4.410295e-05	
2.685237e+06	3	4.537060e-05	157	1.400000e-08	4.410295e-05	194	5.550000e-05	1172086036	1.742500e-08	690117576	1.742500e-08	3288380490	1.742500e-08	845665321	1.742500e-08	
2.697653e+06	0	2.898030e-04	4	5.707247e-07	1.516964e-04	3	1.480082e-04	
2.795159e+06	1	6.702769e-05	5	5.497760e-07	1.498172e-04	74	5.550000e-05	
2.809423e+06	0	3.930718e-05	52	4.060272e-08	3.287534e-05	2063946235	2.855358e-05	
2.810010e+06	0	5.872641e-05	52	4.060272e-08	3.287534e-05	2063946235	2.855358e-05	
2.829207e+06	0	4.891763e-05	52	4.060272e-08	3.287534e-05	2063946235	2.855358e-05	
2.841419e+06	0	2.655122e-04	7	1.834400e-06	2.238710e-04	80	5.550000e-05	
2.862978e+06	0	1.753852e-04	1	4.689684e-07	1.420848e-04	1218250404	4.502446e-05	
2.867834e+06	0	1.894503e-04	4	5.707247e-07	1.516964e-04	3	1.480082e-04	
2.908778e+06	3	4.349550e-05	133	1.400000e-08	4.410295e-05	3537925318	5.041916e-05	3122982648	1.740880e-08	1471982444	1.740880e-08	
2.918971e+06	0	1.490289e-04	3	5.301000e-07	1.480082e-04	3913511150	4.527716e-05	
2.929452e+06	0	1.278468e-04	20	3.348000e-07	1.269877e-04	187	5.550000e-05	
2.933655e+06	1	9.615705e-05	1	4.707019e-07	1.422597e-04	1412415798	2.074744e-05	
2.952168e+06	1	2.351269e-05	1	4.745012e-07	1.426414e-04	2063946235	2.855358e-05	
2.959131e+06	1	9.735458e-05	5	5.776760e-07	1.523098e-04	80	5.550000e-05	
3.027675e+06	0	1.901095e-04	14	4.325395e-07	1.383062e-04	158	5.550000e-05	
3.077466e+06	1	1.419921e-04	11	1.397630e-06	2.044705e-04	845665321	4.744049e-05	
3.078631e+06	1	1.497135e-04	7	1.875111e-06	2.255150e-04	122	6.295011e-05	
3.089080e+06	1	9.840150e-05	1	4.885012e-07	1.440307e-04	3393811039	4.410295e-05	
3.129500e+06	1	2.514159e-04	7	1.903011e-06	2.266280e-04	97	5.550000e-05	
3.171835e+06	1	4.102370e-05	14	4.604395e-07	1.412182e-04	166	5.550000e-05	
3.179678e+06	2	9.800098e-05	6	3.734730e-07	1.317001e-04	93	5.550000e-05	3303338876	1.712702e-08	
3.184966e+06	0	1.636025e-04	6	3.734730e-07	1.317001e-04	3303338876	4.714045e-05	
3.185898e+06	0	1.086471e-04	175	5.580000e-08	6.992562e-05	161	5.550000e-05	
3.204484e+06	1	1.233140e-04	5	5.917155e-07	1.535339e-04	740082705	4.411809e-05	
3.208247e+06	1	3.679560e-05	151	4.193947e-08	6.357688e-05	2001290253	4.411809e-05	
3.223411e+06	0	1.724875e-04	4	5.707247e-07	1.516964e-04	1218250404	4.502446e-05	
3.241729e+06	1	1.689994e-04	11	1.425530e-06	2.058221e-04	152	5.550000e-05	
3.243657e+06	1	1.294842e-04	6	3.906000e-07	1.336833e-04	3303338876	4.714045e-05	
3.378794e+06	1	2.283147e-05	3	5.487960e-07	1.497282e-04	1026028388	4.856696e-05	
3.400460e+06	1	1.267776e-04	3	5.639713e-07	1.510957e-04	3913511150	4.527716e-05	
3.408213e+06	0	1.665035e-04	14	4.604395e-07	1.412182e-04	17	1.195000e-04	
3.431139e+06	0	1.621219e-04	3	5.639713e-07	1.510957e-04	96	5.550000e-05	
3.448246e+06	0	2.424556e-04	7	1.903011e-06	2.266280e-04	1172086036	4.744049e-05	
3.470703e+06	0	1.701790e-04	14	4.604395e-07	1.412182e-04	3288380490	4.744049e-05	
3.473809e+06	1	1.212858e-04	14	4.778483e-07	1.429760e-04	1471982444	4.742579e-05	
3.479687e+06	4	3.687830e-05	145	1.400000e-08	4.410295e-05	87	5.550000e-05	2875471576	2.090000e-08	1738909006	2.090000e-08	
3.480704e+06	0	2.281952e-04	11	1.425530e-06	2.058221e-04	3593732192	5.015660e-05	
3.484676e+06	2	1.787020e-04	2	1.292008e-06	1.991842e-04	4	1.516964e-04	356405251	1.400000e-08	2879167783	1.808019e-08	3083352544	1.808019e-08	4198169764	1.808019e-08	
3.489255e+06	1	2.406011e-04	2	1.310088e-06	2.001090e-04	3083352544	4.799922e-05	
3.489670e+06	0	2.097299e-04	2	1.310088e-06	2.001090e-04	356405251	4.407671e-05	
3.491765e+06	1	2.169015e-04	2	1.324088e-06	2.008193e-04	356405251	4.407671e-05	
3.577105e+06	1	7.411589e-05	17	2.930000e-07	1.214663e-04	145	4.410295e-05	
3.602464e+06	1	1.351115e-04	2	1.342168e-06	2.017292e-04	4198169764	4.799922e-05	
3.616012e+06	0	6.778065e-05	1804212609	1.403947e-08	4.411809e-05	133	4.410295e-05	
3.616589e+06	0	8.102336e-05	2875471576	2.090000e-08	5.040501e-05	1804212609	4.411809e-05	
3.657297e+06	0	2.073251e-04	16	4.185000e-07	1.367934e-04	19	1.224124e-04	
3.665944e+06	0	1.460940e-04	6	3.906000e-07	1.336833e-04	2029773149	4.411809e-05	
3.709587e+06	2	6.126916e-05	109	1.213908e-09	1.952032e-05	2875471576	5.040501e-05	821115011	1.400000e-08	2118016430	1.679305e-08	1945735688	1.679305e-08	
3.751801e+06	4	4.191685e-05	2879167783	1.897623e-08	4.407671e-05	1218250404	4.502446e-05	4093093422	1.400000e-08	
3.770713e+06	1	6.760078e-05	7	1.930911e-06	2.277302e-04	167	5.550000e-05	
3.809686e+06	0	1.106340e-04	175	5.580000e-08	6.992562e-05	108	5.550000e-05	
3.816686e+06	1	1.192939e-04	2	1.361145e-06	2.026755e-04	2879167783	4.407671e-05	
3.826230e+06	0	7.002086e-05	125	2.790000e-08	5.550000e-05	821115011	4.410295e-05	
3.903288e+06	1	5.173067e-05	5	6.085085e-07	1.549728e-04	2118016430	4.685991e-05	
3.917826e+06	0	2.724170e-04	7	1.930911e-06	2.277302e-04	1945735688	4.685991e-05	
3.942467e+06	0	9.111385e-05	146	2.790000e-08	5.550000e-05	1738909006	5.040501e-05	
3.972902e+06	0	1.775785e-04	3	5.639713e-07	1.510957e-04	4093093422	4.407671e-05	
3.984645e+06	1	1.443533e-04	2	1.375145e-06	2.033680e-04	4093093422	4.407671e-05	
4.045116e+06	3	3.151622e-05	175	1.918022e-08	4.898271e-05	1738909006	5.040501e-05	2842015324	1.437994e-08	1249238030	1.437994e-08	3214077756	1.437994e-08	879162223	1.437994e-08	
4.114366e+06	0	1.485151e-04	6	3.906000e-07	1.336833e-04	151	6.357688e-05	
4.215770e+06	2	1.204934e-04	16	6.570510e-07	1.589887e-04	15	1.214717e-04	3884425642	1.816284e-08	1149406307	1.816284e-08	3528332227	1.816284e-08	
4.224118e+06	0	2.538368e-04	3	5.639713e-07	1.510957e-04	6	1.336833e-04	
4.388694e+06	0	1.700718e-04	3	5.639713e-07	1.510957e-04	3214077756	4.449836e-05	
4.394616e+06	2	7.977070e-05	125	2.530169e-08	5.372067e-05	123	5.550000e-05	4004407106	1.400000e-08	451270221	1.649831e-08	
4.491550e+06	0	2.759330e-04	7	1.930911e-06	2.277302e-04	193	5.550000e-05	
4.575678e+06	1	1.438297e-04	16	6.776435e-07	1.606326e-04	3593732192	5.015660e-05	
4.610015e+06	1	1.461117e-04	16	7.055435e-07	1.628075e-04	214	5.550000e-05	
4.626082e+06	4	6.186631e-05	151	1.400000e-08	4.410295e-05	1149406307	4.807224e-05	3149440925	1.536744e-08	2250775120	1.536744e-08	1130108289	1.536744e-08	
4.659389e+06	0	1.606416e-04	14	4.778483e-07	1.429760e-04	133	4.410295e-05	
4.688160e+06	1	1.647084e-05	3	5.651852e-07	1.512041e-04	109	1.952032e-05	
4.696560e+06	1	2.063023e-04	7	1.958811e-06	2.288218e-04	201	5.550000e-05	
4.699606e+06	0	3.580391e-04	11	1.425530e-06	2.058221e-04	16	1.628075e-04	
4.701614e+06	1	1.743292e-04	11	1.439910e-06	2.065119e-04	2842015324	4.449836e-05	
4.730461e+06	3	1.059395e-04	17	2.800721e-07	1.196529e-04	1804212609	4.411809e-05	2177968201	2.696735e-08	
4.789420e+06	0	2.406563e-04	7	1.958811e-06	2.288218e-04	451270221	4.658414e-05	
4.806295e+06	0	7.353378e-05	171	2.790000e-08	5.550000e-05	3888264012	5.015660e-05	
4.806642e+06	1	1.903968e-04	7	1.986711e-06	2.299031e-04	117	5.550000e-05	
4.976510e+06	3	3.996084e-05	6	3.742182e-07	1.317877e-04	141	5.550000e-05	2914302410	1.476059e-08	3655816389	1.476059e-08	3485819286	1.476059e-08	
4.984018e+06	1	2.879411e-05	6	3.889788e-07	1.334981e-04	2914302410	4.486087e-05	
4.992834e+06	1	1.248548e-04	6	4.037394e-07	1.351658e-04	3655816389	4.486087e-05	
5.007804e+06	1	1.532419e-04	2	1.389905e-06	2.040931e-04	3485819286	4.486087e-05	
5.078464e+06	2	2.152467e-04	11	1.575342e-06	2.127934e-04	17	1.196529e-04	1382686479	1.400000e-08	1803925302	1.451559e-08	3293059020	1.451559e-08	378125977	1.451559e-08	2159618959	1.451559e-08	2441325815	1.451559e-08	3401497744	1.451559e-08	4069401935	1.451559e-08	134948105	1.451559e-08	1998372786	1.451559e-08	
5.093698e+06	1	1.802373e-04	11	1.589858e-06	2.134450e-04	4069401935	4.461129e-05	
5.118346e+06	1	7.168591e-03	0	1.000000e+00	1.000000e-02	3149440925	4.549448e-05	
5.122590e+06	0	1.590261e-04	14	4.778483e-07	1.429760e-04	140	5.550000e-05	
5.130307e+06	1	9.684619e-05	7	2.001227e-06	2.304616e-04	2441325815	4.461129e-05	
5.160298e+06	0	1.579602e-04	1	4.885012e-07	1.440307e-04	52	3.287534e-05	
5.167375e+06	1	8.884817e-03	0	1.000000e+00	1.000000e-02	2177968201	5.484191e-05	
5.185730e+06	1	4.005359e-05	5	6.230241e-07	1.561954e-04	3401497744	4.461129e-05	
5.209625e+06	0	1.003890e-04	155	2.790000e-08	5.550000e-05	1172086036	4.744049e-05	
5.213697e+06	0	3.098200e-04	2	1.389905e-06	2.040931e-04	6	1.351658e-04	
5.230159e+06	0	1.973601e-04	5	6.230241e-07	1.561954e-04	451270221	4.658414e-05	
5.287487e+06	0	2.690787e-04	3	5.651852e-07	1.512041e-04	6	1.351658e-04	
5.298669e+06	0	2.511137e-04	7	2.001227e-06	2.304616e-04	125	5.372067e-05	
5.317804e+06	2	5.817939e-05	193	2.808547e-10	1.198355e-05	1998372786	4.461129e-05	2455922112	1.400000e-08	3059103076	1.406737e-08	432337108	1.406737e-08	
5.382997e+06	0	5.795159e-05	1382686479	1.400000e-08	4.407671e-05	157	4.410295e-05	
5.396002e+06	4	3.850554e-05	3059103076	1.406737e-08	4.410295e-05	1382686479	4.407671e-05	1902671923	1.400000e-08	
5.409945e+06	0	2.507779e-04	11	1.589858e-06	2.134450e-04	146	5.550000e-05	
5.428123e+06	0	5.553712e-05	168	2.790000e-08	5.550000e-05	3288380490	4.744049e-05	
5.502236e+06	1	1.129362e-04	7	2.015227e-06	2.309978e-04	151	4.410295e-05	
5.582421e+06	1	2.094308e-04	7	2.043127e-06	2.320589e-04	77	5.550000e-05	
5.604209e+06	2	1.579645e-04	7	2.613155e-06	2.518962e-04	5	1.561954e-04	4209590891	1.766547e-08	77395223	1.766547e-08	3592986772	1.766547e-08	
5.604350e+06	1	2.316523e-04	7	2.630820e-06	2.524625e-04	4209590891	4.762938e-05	
5.605387e+06	1	2.469570e-04	7	2.648485e-06	2.530263e-04	3592986772	4.762938e-05	
5.629883e+06	1	2.678024e-04	1769235826	9.546006e-04	4.779652e-04	20	1.269877e-04	
5.651180e+06	2	2.145801e-04	2	1.752012e-06	2.204680e-04	6	1.351658e-04	1246511018	1.400000e-08	3986570268	2.763318e-08	
5.651242e+06	1	1.725255e-04	2	1.779645e-06	2.216210e-04	3986570268	5.528960e-05	
5.663353e+06	0	5.527017e-05	1931993247	2.090000e-08	5.040501e-05	1803925302	4.461129e-05	
5.687669e+06	1	1.423750e-04	11	1.617758e-06	2.146863e-04	158	5.550000e-05	
5.690074e+06	1	1.643154e-04	2	1.793645e-06	2.222006e-04	1246511018	4.407671e-05	
5.725878e+06	0	2.384194e-04	2	1.793645e-06	2.222006e-04	125	5.372067e-05	
5.734875e+06	3	5.035336e-05	223	1.400000e-08	4.410295e-05	206	5.132486e-05	174500547	1.798262e-08	4083845756	1.798262e-08	
5.772993e+06	1	1.609105e-04	11	1.638350e-06	2.155934e-04	3888264012	5.015660e-05	
5.800279e+06	1	9.032353e-03	0	1.000000e+00	1.000000e-02	192	5.550000e-05	
5.833717e+06	1	1.321377e-04	11	1.652866e-06	2.162282e-04	378125977	4.461129e-05	
5.850915e+06	0	9.389818e-05	155	2.790000e-08	5.550000e-05	1172086036	4.744049e-05	
5.987243e+06	0	1.960907e-04	3	5.651852e-07	1.512041e-04	125	5.372067e-05	
6.010554e+06	3	8.674249e-05	1	4.098349e-07	1.358427e-04	52	3.287534e-05	110358663	1.490863e-08	1370908750	1.490863e-08	1837234470	1.490863e-08	2945849429	1.490863e-08	66296937	1.490863e-08	976558236	1.490863e-08	2438291630	1.490863e-08	906368509	1.490863e-08	
6.010696e+06	0	1.707633e-04	1	4.098349e-07	1.358427e-04	110358663	4.501035e-05	
6.010847e+06	1	3.165240e-05	1837234470	2.981726e-08	5.670949e-05	1370908750	4.501035e-05	
6.010896e+06	1	8.805737e-05	1	4.247435e-07	1.374703e-04	110358663	4.501035e-05	
6.013109e+06	1	1.905786e-04	1	4.545608e-07	1.406146e-04	1837234470	5.670949e-05	
6.013427e+06	1	1.007920e-04	1	4.694694e-07	1.421354e-04	2438291630	4.501035e-05	
6.017360e+06	0	1.557146e-04	1	4.694694e-07	1.421354e-04	906368509	4.501035e-05	
6.022289e+06	0	7.343393e-05	976558236	1.490863e-08	4.501035e-05	2945849429	4.501035e-05	
6.027074e+06	1	1.002692e-04	1	4.843781e-07	1.436243e-04	976558236	4.501035e-05	
6.120577e+06	0	8.051312e-05	906368509	1.490863e-08	4.501035e-05	2945849429	4.501035e-05	
6.247043e+06	1	1.113158e-04	7	2.665910e-06	2.535800e-04	690117576	4.744049e-05	
6.251832e+06	3	5.460822e-05	165	2.562578e-08	4.988257e-05	174500547	4.794124e-05	3783228500	2.025684e-08	
6.328339e+06	1	1.166990e-04	16	7.334435e-07	1.649258e-04	155	5.550000e-05	
6.374205e+06	0	2.933942e-04	7	2.665910e-06	2.535800e-04	163	5.550000e-05	
6.430890e+06	1	6.525928e-05	3	5.904869e-07	1.534275e-04	125	5.372067e-05	
6.434424e+06	1	1.365684e-04	2	1.810438e-06	2.228919e-04	1945735688	4.685991e-05	
6.452466e+06	0	2.358331e-04	11	1.652866e-06	2.162282e-04	143	5.550000e-05	
6.521367e+06	1	3.905941e-05	1	4.992867e-07	1.450830e-04	906368509	4.501035e-05	
6.587021e+06	1	1.200024e-04	7	2.680426e-06	2.540394e-04	134948105	4.461129e-05	
6.630729e+06	1	1.004832e-04	11	1.680748e-06	2.174373e-04	148	5.548832e-05	
6.694733e+06	0	1.721854e-04	1	4.992867e-07	1.450830e-04	2945849429	4.501035e-05	
6.935727e+06	0	2.413492e-04	2	1.810438e-06	2.228919e-04	1249238030	4.449836e-05	
7.013786e+06	1	2.017532e-04	11	1.736548e-06	2.198174e-04	188	6.992562e-05	
7.067779e+06	0	1.488250e-04	1	4.992867e-07	1.450830e-04	2945849429	4.501035e-05	
7.067809e+06	1	6.114613e-05	1	5.141953e-07	1.465129e-04	2945849429	4.501035e-05	
7.076799e+06	0	6.398836e-05	163	2.790000e-08	5.550000e-05	188552836	4.411809e-05	
7.100930e+06	2	7.425469e-05	200	1.261800e-09	1.977372e-05	3288380490	4.744049e-05	2858952728	1.400000e-08	395113485	1.503160e-08	4019363830	1.503160e-08	
7.101847e+06	1	1.123242e-04	3	6.048668e-07	1.546630e-04	3214077756	4.449836e-05	
7.140532e+06	1	8.908907e-05	2	1.824438e-06	2.234650e-04	2858952728	4.410295e-05	
7.179206e+06	1	8.913698e-03	0	1.000000e+00	1.000000e-02	208	3.000366e-05	
7.302300e+06	1	8.491406e-05	7	2.694806e-06	2.544929e-04	879162223	4.449836e-05	
7.341581e+06	3	2.313344e-05	191	1.400000e-08	4.410295e-05	165	4.988257e-05	3016084464	1.976289e-08	921818415	1.976289e-08	
7.344111e+06	1	9.962883e-03	0	1.000000e+00	1.000000e-02	3122982648	4.742579e-05	
7.394493e+06	0	2.325967e-04	11	1.736548e-06	2.198174e-04	3884425642	4.807224e-05	
7.483781e+06	2	1.831171e-04	2	2.262750e-06	2.400926e-04	3	1.546630e-04	2892683898	1.514133e-08	3697249003	1.514133e-08	3983774618	1.514133e-08	4187488967	1.514133e-08	898751805	1.514133e-08	3632514288	1.514133e-08	410848061	1.514133e-08	2791633391	1.514133e-08	630280293	1.514133e-08	4212779140	1.514133e-08	3459374364	1.514133e-08	
7.483883e+06	0	2.840032e-04	2	2.262750e-06	2.400926e-04	898751805	4.524332e-05	
7.484670e+06	1	8.976677e-05	2	2.277891e-06	2.406269e-04	4187488967	4.524332e-05	
7.485793e+06	1	2.477349e-04	2	2.293033e-06	2.411589e-04	3697249003	4.524332e-05	
7.488646e+06	1	1.656464e-04	2	2.308174e-06	2.416885e-04	3983774618	4.524332e-05	
7.491150e+06	1	1.609579e-04	2	2.323315e-06	2.422158e-04	898751805	4.524332e-05	
7.491847e+06	3	3.729370e-05	3459374364	1.518080e-08	4.407671e-05	188552836	4.411809e-05	2125331604	1.400000e-08	
7.495973e+06	1	1.617979e-04	2	2.338457e-06	2.427409e-04	4212779140	4.524332e-05	
7.502956e+06	1	1.478756e-04	2	2.353598e-06	2.432637e-04	3632514288	4.524332e-05	
7.508729e+06	1	1.804169e-04	2	2.368739e-06	2.437842e-04	410848061	4.524332e-05	
7.539332e+06	0	8.679977e-05	3884425642	1.816284e-08	4.807224e-05	3293059020	4.461129e-05	
7.598356e+06	1	2.245941e-04	2	2.382739e-06	2.442636e-04	2125331604	4.407671e-05	
7.616190e+06	0	2.489100e-04	2	2.382739e-06	2.442636e-04	630280293	4.524332e-05	
7.617458e+06	0	2.630751e-04	2	2.382739e-06	2.442636e-04	630280293	4.524332e-05	
7.617818e+06	1	1.804613e-04	7	2.708806e-06	2.549329e-04	4004407106	4.410295e-05	
7.628124e+06	1	1.658542e-04	2	2.397881e-06	2.447799e-04	2791633391	4.524332e-05	
7.642193e+06	0	1.656295e-04	1	5.141953e-07	1.465129e-04	66296937	4.501035e-05	
7.733278e+06	0	2.583071e-04	2	2.397881e-06	2.447799e-04	3459374364	4.407671e-05	
7.914410e+06	0	2.609248e-04	11	1.736548e-06	2.198174e-04	2723643411	4.411809e-05	
8.079836e+06	1	8.254102e-03	0	1.000000e+00	1.000000e-02	140	5.550000e-05	
8.098299e+06	1	1.687257e-04	2	2.413061e-06	2.452953e-04	3459374364	4.407671e-05	
8.179907e+06	1	1.656679e-04	7	2.736706e-06	2.558051e-04	171	5.550000e-05	
8.195292e+06	0	2.783362e-04	2	2.413061e-06	2.452953e-04	630280293	4.524332e-05	
8.205813e+06	1	2.399370e-04	7	2.764606e-06	2.566715e-04	120	5.550000e-05	
8.361228e+06	1	1.400524e-04	16	7.514261e-07	1.662629e-04	4083845756	4.794124e-05	
8.750046e+06	0	1.585286e-04	1	5.141953e-07	1.465129e-04	66296937	4.501035e-05	
8.809846e+06	1	1.056948e-04	2	2.428203e-06	2.458073e-04	2892683898	4.524332e-05	
8.870469e+06	1	1.054145e-04	2	2.429465e-06	2.458499e-04	200	1.977372e-05	
8.934417e+06	1	1.344798e-04	11	1.755728e-06	2.206238e-04	175	4.898271e-05	
8.949249e+06	1	3.495663e-05	2	2.444373e-06	2.463518e-04	66296937	4.501035e-05	
9.052120e+06	0	2.861677e-04	2	2.444373e-06	2.463518e-04	821115011	4.410295e-05	
9.144573e+06	0	1.649711e-04	14	4.778483e-07	1.429760e-04	1172086036	4.744049e-05	
9.160457e+06	0	2.432644e-04	11	1.755728e-06	2.206238e-04	217	5.550000e-05	
9.199179e+06	1	1.871069e-04	2	2.458373e-06	2.468212e-04	821115011	4.410295e-05	
9.260047e+06	0	1.443905e-04	14	4.778483e-07	1.429760e-04	131	5.550000e-05	
9.359570e+06	4	1.900375e-05	162	2.793947e-08	4.410295e-05	2795063678	4.411809e-05	3113062634	1.400000e-08	
9.538721e+06	1	1.379764e-04	2	2.486273e-06	2.477514e-04	217	5.550000e-05	
9.572169e+06	0	2.847341e-04	2	2.486273e-06	2.477514e-04	630280293	4.524332e-05	
9.650421e+06	1	1.900537e-04	2	2.501415e-06	2.482533e-04	630280293	4.524332e-05	
9.708292e+06	1	1.575023e-04	2	2.517913e-06	2.487979e-04	451270221	4.658414e-05	
9.921637e+06	1	1.149220e-04	7	2.778673e-06	2.571061e-04	432337108	4.417357e-05	
9.980562e+06	0	2.212661e-04	11	1.755728e-06	2.206238e-04	184	5.550000e-05	
9.983188e+06	1	1.856786e-04	7	2.793705e-06	2.575689e-04	395113485	4.516063e-05	
1.000797e+07	1	8.043472e-03	0	1.000000e+00	1.000000e-02	1172086036	4.744049e-05	
1.008717e+07	1	1.164059e-04	16	7.711890e-07	1.677079e-04	921818415	4.947378e-05	
1.010508e+07	1	1.040935e-04	11	1.775491e-06	2.214485e-04	3016084464	4.947378e-05	
1.016877e+07	1	9.244562e-03	0	1.000000e+00	1.000000e-02	108	5.550000e-05	
1.020850e+07	1	5.269694e-05	16	7.851890e-07	1.687166e-04	2455922112	4.410295e-05	
1.046154e+07	1	2.171243e-04	11	1.790007e-06	2.220503e-04	2159618959	4.461129e-05	
1.057761e+07	1	2.297085e-04	7	2.813962e-06	2.581899e-04	3783228500	4.988257e-05	
1.083238e+07	0	3.002568e-04	7	2.813962e-06	2.581899e-04	14	1.429760e-04	
1.100612e+07	1	2.060689e-04	11	1.810930e-06	2.229122e-04	4260098875	5.042388e-05	
1.104677e+07	1	6.676856e-03	0	1.000000e+00	1.000000e-02	226	5.550000e-05	
1.154205e+07	1	6.209969e-05	1	5.281953e-07	1.478307e-04	3113062634	4.410295e-05	
1.157683e+07	1	1.463733e-04	7	2.841862e-06	2.590404e-04	126	5.550000e-05	
1.169201e+07	0	2.711272e-04	2	2.517913e-06	2.487979e-04	1249238030	4.449836e-05	
1.181268e+07	0	3.365569e-04	11	1.810930e-06	2.229122e-04	14	1.429760e-04	
1.192002e+07	1	2.083023e-04	2	2.532293e-06	2.492706e-04	1249238030	4.449836e-05	
1.220620e+07	1	1.877343e-04	11	1.811211e-06	2.229237e-04	193	1.198355e-05	
1.223326e+07	1	1.464173e-04	1	5.560953e-07	1.503891e-04	131	5.550000e-05	
1.267773e+07	0	2.669781e-04	11	1.811211e-06	2.229237e-04	14	1.429760e-04	
1.293037e+07	0	2.937672e-04	7	2.841862e-06	2.590404e-04	162	4.410295e-05	
1.293507e+07	0	2.897097e-04	7	2.841862e-06	2.590404e-04	162	4.410295e-05	
1.307531e+07	1	7.919818e-03	0	1.000000e+00	1.000000e-02	163	5.550000e-05	
1.336575e+07	0	3.782397e-04	7	2.841862e-06	2.590404e-04	14	1.429760e-04	
1.378957e+07	1	1.468788e-04	2	2.546808e-06	2.497460e-04	3293059020	4.461129e-05	
1.429719e+07	2	1.507333e-04	7	3.260595e-06	2.711849e-04	14	1.429760e-04	847040419	1.477883e-08	4240624600	1.477883e-08	1565786989	1.477883e-08	2286860921	1.477883e-08	
1.430782e+07	0	2.875318e-04	7	3.260595e-06	2.711849e-04	847040419	4.487935e-05	
1.435468e+07	1	2.424710e-04	7	3.275374e-06	2.715940e-04	4240624600	4.487935e-05	
1.479285e+07	1	1.692603e-04	7	3.290152e-06	2.720018e-04	2286860921	4.487935e-05	
1.481354e+07	1	1.142851e-04	2	2.574748e-06	2.506560e-04	162	4.410295e-05	
1.501014e+07	0	2.561604e-04	2	2.574748e-06	2.506560e-04	1565786989	4.487935e-05	
1.508567e+07	1	7.122700e-05	2	2.589527e-06	2.511346e-04	1565786989	4.487935e-05	
1.591032e+07	0	2.875782e-04	2	2.589527e-06	2.511346e-04	4019363830	4.516063e-05	
1.591033e+07	1	2.207165e-04	2	2.604558e-06	2.516196e-04	4019363830	4.516063e-05	
1.639887e+07	1	8.150443e-05	2	2.622721e-06	2.522032e-04	3884425642	4.807224e-05	
1.664411e+07	0	2.622258e-04	11	1.811211e-06	2.229237e-04	847040419	4.487935e-05	
1.680494e+07	1	2.263111e-04	2	2.640884e-06	2.527840e-04	3528332227	4.807224e-05	
1.842473e+07	0	3.005413e-04	7	3.290152e-06	2.720018e-04	847040419	4.487935e-05	
1.855152e+07	1	2.189029e-04	2	2.661784e-06	2.534491e-04	1931993247	5.040501e-05	
1.869573e+07	0	1.891104e-04	16	7.851890e-07	1.687166e-04	2723643411	4.411809e-05	
1.873847e+07	1	2.501853e-04	2	2.675823e-06	2.538939e-04	2723643411	4.411809e-05	
2.001271e+07	3	8.313310e-05	2	2.338416e-06	2.427395e-04	1	1.503891e-04	3707879645	1.418258e-08	2746930994	1.418258e-08	4075596975	1.418258e-08	4283280385	1.418258e-08	538453177	1.418258e-08	3121292019	1.418258e-08	3349724438	1.418258e-08	4253718737	1.418258e-08	3297362622	1.418258e-08	1751902433	1.418258e-08	2878871175	1.418258e-08	3083717413	1.418258e-08	220564665	1.418258e-08	3653734512	1.418258e-08	3815024321	1.418258e-08	1428265047	1.418258e-08	3604532305	1.418258e-08	1869365069	1.418258e-08	965372172	1.418258e-08	607396504	1.418258e-08	2533881277	1.418258e-08	472358284	1.418258e-08	1950077488	1.418258e-08	1820499179	1.418258e-08	4055959668	1.418258e-08	528880979	1.418258e-08	3778036871	1.418258e-08	1405660995	1.418258e-08	3662110242	1.418258e-08	2247026945	1.418258e-08	4032129539	1.418258e-08	4035587434	1.418258e-08	3111692719	1.418258e-08	1398579088	1.418258e-08	2501379955	1.418258e-08	3332562587	1.418258e-08	3562383954	1.418258e-08	2521380987	1.418258e-08	4119421155	1.418258e-08	1913762779	1.418258e-08	3678948817	1.418258e-08	2489195127	1.418258e-08	3929228125	1.418258e-08	3160344427	1.418258e-08	3182159117	1.418258e-08	766581564	1.418258e-08	3702894340	1.418258e-08	3532745758	1.418258e-08	1072840122	1.418258e-08	3294683754	1.418258e-08	1676003954	1.418258e-08	4285585893	1.418258e-08	2674988631	1.418258e-08	406745133	1.418258e-08	2883513480	1.418258e-08	783121895	1.418258e-08	2683944377	1.418258e-08	2961226102	1.418258e-08	301219709	1.418258e-08	1743198400	1.418258e-08	3059144981	1.418258e-08	3952655669	1.418258e-08	2848685905	1.418258e-08	
2.001272e+07	1	1.473014e-04	2	2.352599e-06	2.432292e-04	528880979	4.426750e-05	
2.001274e+07	1	2.029136e-04	2	2.366781e-06	2.437170e-04	766581564	4.426750e-05	
2.001278e+07	1	2.383213e-04	2	2.380964e-06	2.442029e-04	1405660995	4.426750e-05	
2.001295e+07	1	2.205229e-04	2	2.395146e-06	2.446868e-04	2883513480	4.426750e-05	
2.001297e+07	1	2.354619e-04	2	2.409329e-06	2.451688e-04	1428265047	4.426750e-05	
2.001300e+07	1	1.035198e-05	3059144981	2.836517e-08	5.577355e-05	4055959668	4.426750e-05	
2.001319e+07	1	2.621185e-04	2	2.423511e-06	2.456489e-04	406745133	4.426750e-05	
2.001345e+07	1	1.977432e-04	2	2.437694e-06	2.461272e-04	3349724438	4.426750e-05	
2.001368e+07	1	2.750394e-04	2	2.451877e-06	2.466036e-04	1950077488	4.426750e-05	
2.001389e+07	1	1.982789e-04	2	2.466059e-06	2.470781e-04	2961226102	4.426750e-05	
2.001399e+07	1	2.404154e-04	2	2.480242e-06	2.475509e-04	1072840122	4.426750e-05	
2.001419e+07	0	8.503069e-05	1676003954	1.418258e-08	4.426750e-05	2746930994	4.426750e-05	
2.001510e+07	1	2.802152e-04	2	2.494424e-06	2.480219e-04	1820499179	4.426750e-05	
2.001517e+07	1	2.452119e-04	2	2.508607e-06	2.484910e-04	4253718737	4.426750e-05	
2.001526e+07	1	2.523296e-04	2	2.522790e-06	2.489584e-04	3815024321	4.426750e-05	
2.001527e+07	1	1.574992e-04	2	2.536972e-06	2.494241e-04	4119421155	4.426750e-05	
2.001608e+07	0	5.906679e-05	2683944377	1.418258e-08	4.426750e-05	3294683754	4.426750e-05	
2.001674e+07	1	5.776496e-05	2	2.551155e-06	2.498880e-04	1743198400	4.426750e-05	
2.001692e+07	1	2.105102e-04	2	2.565337e-06	2.503502e-04	3121292019	4.426750e-05	
2.001698e+07	0	2.930716e-04	2	2.565337e-06	2.503502e-04	3083717413	4.426750e-05	
2.001699e+07	1	2.909797e-04	2	2.579520e-06	2.508107e-04	2501379955	4.426750e-05	
2.001748e+07	1	1.314535e-05	3562383954	2.836517e-08	5.577355e-05	472358284	4.426750e-05	
2.001876e+07	0	2.998189e-04	2	2.579520e-06	2.508107e-04	3562383954	5.577355e-05	
2.001881e+07	1	2.298143e-04	2	2.593702e-06	2.512696e-04	3111692719	4.426750e-05	
2.001949e+07	0	4.699253e-05	3678948817	1.418258e-08	4.426750e-05	2533881277	4.426750e-05	
2.001975e+07	1	2.777868e-04	2	2.607885e-06	2.517267e-04	3952655669	4.426750e-05	
2.001982e+07	0	2.629696e-04	2	2.607885e-06	2.517267e-04	3604532305	4.426750e-05	
2.002030e+07	1	1.623164e-04	2	2.622068e-06	2.521822e-04	3662110242	4.426750e-05	
2.002135e+07	1	2.643719e-04	2	2.636250e-06	2.526361e-04	3532745758	4.426750e-05	
2.002219e+07	1	1.696888e-04	2	2.650433e-06	2.530883e-04	783121895	4.426750e-05	
2.002240e+07	1	1.997859e-04	2	2.664615e-06	2.535389e-04	3678948817	4.426750e-05	
2.002317e+07	3	3.116305e-05	2683944377	1.436517e-08	4.407671e-05	2878871175	4.426750e-05	1826422368	1.400000e-08	
2.002400e+07	1	2.889640e-04	2	2.678798e-06	2.539880e-04	3182159117	4.426750e-05	
2.002402e+07	0	2.814649e-04	2	2.678798e-06	2.539880e-04	1826422368	4.407671e-05	
2.002410e+07	1	8.656084e-05	2	2.692981e-06	2.544354e-04	3778036871	4.426750e-05	
2.002485e+07	1	2.533365e-04	2	2.707163e-06	2.548813e-04	2489195127	4.426750e-05	
2.002734e+07	1	2.230577e-04	2	2.735528e-06	2.557684e-04	3059144981	5.577355e-05	
2.002752e+07	0	2.856882e-04	2	2.735528e-06	2.557684e-04	4075596975	4.426750e-05	
2.002831e+07	1	2.294470e-04	2	2.749711e-06	2.562097e-04	3929228125	4.426750e-05	
2.003185e+07	1	4.217173e-05	2848685905	2.836517e-08	5.577355e-05	2746930994	4.426750e-05	
2.003372e+07	1	2.524541e-05	3562383954	4.254775e-08	6.384478e-05	4285585893	4.426750e-05	
2.003544e+07	1	2.012780e-04	2	2.778076e-06	2.570877e-04	2848685905	5.577355e-05	
2.003695e+07	1	2.206704e-04	2	2.792259e-06	2.575244e-04	3332562587	4.426750e-05	
2.004378e+07	1	1.602353e-04	2	2.806441e-06	2.579597e-04	1913762779	4.426750e-05	
2.004382e+07	0	8.237970e-05	2247026945	1.418258e-08	4.426750e-05	607396504	4.426750e-05	
2.004429e+07	1	1.865091e-04	2	2.820624e-06	2.583935e-04	3702894340	4.426750e-05	
2.004659e+07	0	2.802035e-04	2	2.820624e-06	2.583935e-04	3653734512	4.426750e-05	
2.004684e+07	1	2.266629e-04	2	2.834989e-06	2.588314e-04	2683944377	4.407671e-05	
2.004743e+07	0	2.999891e-04	2	2.834989e-06	2.588314e-04	1676003954	4.426750e-05	
2.004870e+07	1	8.630958e-06	3562383954	5.673033e-08	7.027027e-05	4035587434	4.426750e-05	
2.005101e+07	1	1.632361e-04	2	2.849172e-06	2.592623e-04	2247026945	4.426750e-05	
2.005211e+07	3	3.794407e-05	2674988631	1.436517e-08	4.407671e-05	607396504	4.426750e-05	896813269	1.400000e-08	
2.005328e+07	0	7.646331e-05	3653734512	1.418258e-08	4.426750e-05	896813269	4.407671e-05	
2.005412e+07	1	6.638395e-05	2	2.863354e-06	2.596918e-04	3160344427	4.426750e-05	
2.005510e+07	1	1.163869e-04	16	8.130890e-07	1.706917e-04	243	5.550000e-05	
2.005824e+07	0	2.730833e-04	2	2.863354e-06	2.596918e-04	1751902433	4.426750e-05	
2.006017e+07	1	1.382820e-04	2	2.877537e-06	2.601198e-04	1751902433	4.426750e-05	
2.006319e+07	1	1.390074e-04	2	2.891537e-06	2.605410e-04	1826422368	4.407671e-05	
2.006397e+07	1	2.247580e-04	2	2.905537e-06	2.609608e-04	896813269	4.407671e-05	
2.006452e+07	1	1.870172e-04	2	2.919719e-06	2.613847e-04	1676003954	4.426750e-05	
2.008320e+07	1	1.528501e-04	2	2.933902e-06	2.618073e-04	1398579088	4.426750e-05	
2.009035e+07	1	3.034570e-04	2	2.948084e-06	2.622285e-04	4032129539	4.426750e-05	
2.009556e+07	3	5.649578e-05	3562383954	3.971595e-08	6.239572e-05	2521380987	4.426750e-05	37051273	1.559848e-08	1867247157	1.559848e-08	
2.009765e+07	1	1.547982e-04	2	2.962267e-06	2.626483e-04	538453177	4.426750e-05	
2.010564e+07	1	2.211498e-04	2	2.976450e-06	2.630668e-04	3604532305	4.426750e-05	
2.011169e+07	0	8.714605e-05	301219709	1.418258e-08	4.426750e-05	3707879645	4.426750e-05	
2.011649e+07	1	2.726613e-05	3294683754	2.836517e-08	5.577355e-05	965372172	4.426750e-05	
2.012495e+07	1	2.557574e-04	2	2.990632e-06	2.634840e-04	220564665	4.426750e-05	
2.013266e+07	0	2.854284e-04	2	2.990632e-06	2.634840e-04	301219709	4.426750e-05	
2.013811e+07	1	1.019620e-04	2	3.004815e-06	2.638998e-04	301219709	4.426750e-05	
2.014385e+07	0	8.377390e-05	1867247157	1.559848e-08	4.569415e-05	37051273	4.569415e-05	
2.014958e+07	3	2.646155e-05	37051273	1.596365e-08	4.407671e-05	2674988631	4.407671e-05	3633199892	1.400000e-08	
2.015843e+07	1	1.833092e-04	2	3.020778e-06	2.643663e-04	37051273	4.407671e-05	
2.020800e+07	1	1.944240e-04	2	3.034778e-06	2.647741e-04	3633199892	4.407671e-05	
2.022923e+07	0	2.684312e-04	2	3.034778e-06	2.647741e-04	3083717413	4.426750e-05	
2.023268e+07	0	7.062268e-05	3083717413	1.418258e-08	4.426750e-05	4283280385	4.426750e-05	
2.024902e+07	0	6.854953e-05	3294683754	2.836517e-08	5.577355e-05	1869365069	4.426750e-05	
2.025007e+07	0	2.727518e-04	2	3.034778e-06	2.647741e-04	4075596975	4.426750e-05	
2.025274e+07	1	2.478083e-04	2	3.048961e-06	2.651859e-04	4075596975	4.426750e-05	
2.030912e+07	1	2.387127e-04	2	3.063144e-06	2.655965e-04	3653734512	4.426750e-05	
2.034956e+07	0	7.875465e-05	1869365069	1.418258e-08	4.426750e-05	3083717413	4.426750e-05	
2.034982e+07	4	3.423373e-05	3562383954	1.400000e-08	4.407671e-05	3294683754	5.577355e-05	1736323711	1.802704e-08	283080478	1.802704e-08	785216844	1.802704e-08	
2.035814e+07	0	3.881379e-04	7	3.290152e-06	2.720018e-04	16	1.706917e-04	
2.037304e+07	1	2.022037e-04	2	3.077326e-06	2.660057e-04	1869365069	4.426750e-05	
2.038288e+07	0	3.060746e-04	2	3.077326e-06	2.660057e-04	2533881277	4.426750e-05	
2.039522e+07	4	3.092455e-05	283080478	1.820962e-08	4.407671e-05	2533881277	4.426750e-05	3006103420	1.400000e-08	
2.047351e+07	1	2.724003e-04	2	3.091509e-06	2.664138e-04	3297362622	4.426750e-05	
2.048486e+07	1	1.829578e-04	2	3.109536e-06	2.669306e-04	1736323711	4.795214e-05	
2.050399e+07	1	1.777638e-04	2	3.123718e-06	2.673358e-04	4283280385	4.426750e-05	
2.074610e+07	1	1.929688e-04	2	3.137901e-06	2.677398e-04	3707879645	4.426750e-05	
2.085569e+07	3	3.559254e-05	283080478	2.223666e-08	4.037863e-05	785216844	4.795214e-05	2898323513	1.400000e-08	
2.094087e+07	0	3.268366e-04	7	3.290152e-06	2.720018e-04	225	5.550000e-05	
2.094145e+07	1	2.555990e-04	2	3.151901e-06	2.681374e-04	2898323513	4.037863e-05	
2.110388e+07	1	2.531570e-04	2	3.166084e-06	2.685390e-04	3083717413	4.426750e-05	
2.120169e+07	0	2.976336e-04	2	3.166084e-06	2.685390e-04	283080478	4.037863e-05	
2.123645e+07	1	1.416531e-04	2	3.188320e-06	2.691662e-04	283080478	4.037863e-05	
2.137876e+07	1	2.476196e-04	2	3.202320e-06	2.695596e-04	3006103420	4.407671e-05	
2.225432e+07	0	2.912278e-04	2	3.202320e-06	2.695596e-04	3562383954	4.407671e-05	
2.226330e+07	1	2.234384e-04	2	3.216935e-06	2.699690e-04	173	4.473947e-05	
2.232494e+07	1	2.545686e-04	2	3.230935e-06	2.703601e-04	3562383954	4.407671e-05	
2.338659e+07	1	2.163695e-04	7	3.304931e-06	2.724085e-04	847040419	4.487935e-05	
2.648810e+07	1	1.457653e-04	7	3.318931e-06	2.727926e-04	191	4.410295e-05	
2.678949e+07	1	8.530493e-05	2	3.246534e-06	2.707945e-04	1867247157	4.569415e-05	
2.747484e+07	0	4.223571e-04	7	3.318931e-06	2.727926e-04	11	2.229237e-04	
2.757328e+07	0	3.094043e-04	7	3.318931e-06	2.727926e-04	11	2.229237e-04	
2.783274e+07	0	3.411363e-04	7	3.318931e-06	2.727926e-04	11	2.229237e-04	
2.939231e+07	0	2.957013e-04	11	1.811211e-06	2.229237e-04	21	1.195000e-04	
2.942738e+07	2	1.861531e-04	2	3.436439e-06	2.759748e-04	21	1.195000e-04	1199222225	1.484905e-08	3755198008	1.484905e-08	2795041644	1.484905e-08	3492274228	1.484905e-08	1420914473	1.484905e-08	439844059	1.484905e-08	
2.942742e+07	1	1.608010e-04	2	3.451288e-06	2.763717e-04	439844059	4.495031e-05	
2.942757e+07	1	1.539793e-04	2	3.466137e-06	2.767675e-04	1420914473	4.495031e-05	
2.942759e+07	1	1.083919e-04	2	3.480987e-06	2.771622e-04	3755198008	4.495031e-05	
2.942852e+07	1	1.129605e-04	2	3.495836e-06	2.775557e-04	3492274228	4.495031e-05	
2.943364e+07	1	1.625385e-04	2	3.510685e-06	2.779481e-04	2795041644	4.495031e-05	
2.944170e+07	1	1.561388e-04	2	3.525534e-06	2.783395e-04	1199222225	4.495031e-05	
3.003419e+07	2	1.706217e-04	7	5.024724e-06	3.132352e-04	11	2.229237e-04	3802520055	1.505971e-08	3012889883	1.505971e-08	3363823620	1.505971e-08	1086559163	1.505971e-08	3063534263	1.505971e-08	2013640095	1.505971e-08	1461359102	1.505971e-08	
3.004634e+07	1	3.020428e-04	7	5.039784e-06	3.135478e-04	2013640095	4.516188e-05	
3.004983e+07	1	3.470306e-04	7	5.054844e-06	3.138598e-04	3063534263	4.516188e-05	
3.005695e+07	1	2.095323e-04	7	5.069904e-06	3.141712e-04	1086559163	4.516188e-05	
3.005825e+07	1	3.056158e-04	7	5.084963e-06	3.144820e-04	1461359102	4.516188e-05	
3.005998e+07	1	1.356787e-04	7	5.100023e-06	3.147921e-04	3012889883	4.516188e-05	
3.011218e+07	1	2.789613e-04	7	5.115083e-06	3.151017e-04	3802520055	4.516188e-05	
3.052654e+07	1	1.450428e-04	7	5.130142e-06	3.154106e-04	3363823620	4.516188e-05	
