2798701042 2.793176e-07 0.3 
1023377729 1.889234e-06 0.29111882149044577 
3680235706 1.894351e-06 0.2839113059450716 
2759854154 1.809988e-06 0.2988759656272219 
1909946179 2.597987e-06 0.29605589325059484 
455065046 3.980275e-07 0.2982456737644652 
3823986536 1.319632e-06 0.3542284698624539 
870896792 1.267039e-06 0.2830250914355205 
2349140130 2.793176e-08 0.3 
2178051842 4.34466e-08 0.4804206333341454 
3114612365 6.982939e-09 0.9999999999999999 
1321648343 2.793176e-08 0.3 
242414939 2.793176e-08 0.3 
2480932170 2.793176e-08 0.3 
2870037616 2.793176e-08 0.3 
1541946641 2.793176e-08 0.3 
2250879299 2.793176e-08 0.3 
1035492323 1.906513e-08 0.4395211572121459 
2710766136 6.982939e-09 0.9999999999999999 
2545005546 2.793176e-08 0.3 
266059373 2.793176e-08 0.3 
43001897 2.560675e-08 0.32723902877171057 
126484229 2.793176e-08 0.3 
828787466 3.701939e-08 0.3594794134782957 
3392858646 2.793176e-08 0.3 
3491092596 1.414817e-08 0.20191000456005057 
1726701215 2.113111e-08 0.18285987385824606 
2151269300 6.982939e-09 0.2363636770767964 
1172086036 6.982939e-09 0.2363636770767964 
3303338876 6.982939e-09 0.2363636770767964 
1738909006 7.511463e-09 0.3098792250368979 
2879167783 7.511463e-09 0.3098792250368979 
4198169764 6.982939e-09 0.2363636770767964 
1249238030 6.982939e-09 0.2363636770767964 
3149440925 1.080917e-08 0.32734243923512496 
2177968201 3.50064e-08 0.14388440968913566 
3485819286 7.001281e-09 0.14388438913798082 
410848061 7.005866e-09 0.14379022377367076 
1565786989 7.001281e-09 0.14388438913798082 
2746930994 7.001281e-09 0.14388438913798082 
3083717413 7.001281e-09 0.14388438913798082 
3815024321 7.010451e-09 0.14369618158209102 
4035587434 1.400256e-08 0.14388440968913566 
766581564 7.001281e-09 0.14388438913798082 
783121895 7.001281e-09 0.14388438913798082 
2683944377 7.001281e-09 0.14388438913798082 
3059144981 7.001281e-09 0.14388438913798082 
3633199892 6.987525e-09 0.086009132985216 
907719639 7.051849e-09 0.08978463607465985 
1371202285 6.982939e-09 1.0 
629078091 6.982939e-09 0.08606560660159207 
1737134642 7.001281e-09 0.07194219454200114 
3563522875 7.674765e-09 0.0656290393653925 
249728555 6.982939e-09 1.0 
3302973195 7.001281e-09 0.12654295843847416 
3314075649 7.001281e-09 0.12654295843847416 
3458484829 7.380032e-09 0.9999999999999984 
2449448537 7.001281e-09 0.07194219454200114 
463844675 7.001281e-09 0.07194219454200114 
1055469694 6.983785e-09 0.29996370163170827 
2014426858 6.983785e-09 0.29996370163170827 
2213923665 7.239649e-09 0.04638230639538493 
3202152185 6.982939e-09 0.23636367707679642 
2622395779 6.982939e-09 0.47272735415359285 
66987975 6.99211e-09 0.16706824161017844 
3707800333 6.99211e-09 0.16706824161017844 
3528190190 6.99211e-09 0.16706824161017844 
2185291493 9.087637e-09 0.5422950547567299 
1674415855 7.924782e-09 0.1041361527775908 
3884987045 6.982939e-09 0.28852465698708 
309459595 7.326276e-09 0.9999999999999971 
2348040613 7.326276e-09 0.9999999999999971 
3180086772 7.326276e-09 0.9999999999999971 
3833074883 7.326276e-09 0.9999999999999971 
1462644303 7.326276e-09 0.9999999999999971 
4088625113 6.982939e-09 0.16728763570143018 
1237914369 6.982939e-09 0.1442623284935401